82
491517
6
98545
81
31375
37
255902
19
83011
84
283368
4
25591
51
485114
90
459761
21
20186
77
237498
97
453682
24
330911
30
218005
25
3743
78
20711
6
184144
96
327191
67
341096
95
427497
49
276494
7
233368
30
86409
63
332291
95
361061
3
159361
72
166263
15
367785
883
8108
43
434106
38
353025
8
199458
21
396929
1
173782
27
168503
335
4660
79
76917
48
154573
15
376507
90
20734
64
270383
80
92232
92
470434
74
375470
22
466998
28
451627
83
268530
88
24667
72
419416
70
266055
59
336397
86
473647
62
447343
21
403671
25
230876
832
5162
21
276798
44
41098
62
474418
38
492729
70
97041
6
98024
44
234196
24
372319
25
499256
91
450673
58
497953
68
467691
92
473492
1
180062
61
368111
82
128505
681
4314
96
417750
25
127657
30
351543
18
296507
77
416221
39
488340
80
230215
12
63928
77
345708
75
92192
26
38581
60
412767
20
420465
56
67637
25
396844
73
273079
48
440425
20
350183
40
213166
46
209810
94
346376
27
140872
28
207173
773
9217
41
98300
26
184929
60
52058
7
291051
92
187688
14
88891
51
287853
66
118412
60
405566
69
335455
74
200371
16
299317
47
36922
24
100151
91
289844
81
433306
94
392706
75
441229
67
164962
37
238813
43
280770
68
292442
61
49318
86
43199
58
363229
34
177942
73
433984
33
124916
80
13072
18
150076
17
132734
83
426850
899
4096
65
293899
54
114874
68
248779
34
337354
74
443010
48
406868
567
4428
32
493152
90
308072
61
170130
174
9816
79
155347
81
7184
83
94967
60
341733
81
141778
51
238741
30
420525
29
48784
30
14248
12
233334
54
130237
52
161360
74
99267
31
56089
50
90013
901
6092
40
401999
89
456553
28
173211
13
426420
53
470943
67
266637
99
251931
1
78689
453
3543
549
5445
39
425975
66
424805
38
226499
12
466220
141
4854
703
4292
28
299719
80
438132
22
382224
74
274530
8
295963
100
6893
39
238063
78
206367
361
6632
87
271170
5
7219
31
241448
58
196153
65
469720
46
365133
95
463706
15
22378
94
147654
81
329118
13
370330
64
458027
3
135905
68
32425
87
143408
75
312029
877
1121
12
132485
53
134974
7
378693
40
253663
15
495050
49
177044
23
27132
80
69273
21
284488
33
381819
34
93845
49
297499
98
360255
56
211792
20
312626
554
2443
72
234964
97
149710
24
471906
92
191020
4
216071
67
51616
980
2017
437
3559
44
169995
88
304656
63
76605
25
185706
365
3631
29
434099
72
11632
6
477241
48
426473
50
224523
83
48937
19
183664
78
199964
16
56616
49
313881
51
203953
45
273895
402
2595
48
220639
550
5444
15
77831
42
419875
46
187381
81
71573
247
1751
96
481876
710
1288
2
134131
57
298572
84
201489
848
6145
18
43727
65
422779
55
366679
45
392063
9
482255
4
273132
98
349341
9
386020
97
61655
45
431307
16
344265
66
230815
14
235336
60
343136
63
445201
92
19195
10
410503
37
499015
43
412098
271
8720
93
400008
89
350615
266
6727
32
86245
67
51768
65
333468
80
348875
11
130848
15
156029
1
230119
99
445539
41
439081
95
316101
963
9027
67
85097
73
114151
9
17340
38
57773
97
164216
34
47594
17
75120
40
223688
39
453510
49
476710
94
154880
36
480171
40
119768
30
286954
3
488746
39
189478
46
65972
2
51015
77
332351
44
493479
88
403883
78
441538
50
14373
51
264324
85
85696
12
164646
718
7274
76
158830
40
345152
30
400273
87
86038
29
154877
27
411436
91
351144
8
99115
99
457753
5
282521
54
306715
83
12373
49
468142
66
428264
49
351458
40
357438
76
121460
80
2088
88
194861
120
5874
31
436670
22
199481
54
460339
20
340498
67
269907
56
192737
3
149775
73
262853
91
246144
13
438974
7
156452
41
196689
58
230163
94
476892
348
3648
99
21835
55
98817
77
316299
31
4660
74
148340
54
158483
18
29184
73
155823
68
441590
85
110502
29
261036
16
221946
7
233082
29
262099
389
7603
3
149417
18
452971
8
65094
44
159304
69
41819
85
60608
4
127522
24
466691
25
57397
785
4210
65
67800
43
361435
8
280487
20
225143
40
115372
159
9831
5
455692
125
8866
92
14445
75
366393
647
7345
31
350080
86
427870
4
188669
9
16485
93
273703
65
363516
76
83928
10
356271
92
283090
394
5600
13
200933
61
103729
69
396156
78
127702
97
394208
20
483078
93
154072
62
320955
70
308203
28
152874
98
354108
53
67216
90
341835
19
384701
7
207993
61
11854
52
354143
29
130981
48
29000
95
158119
85
218044
415
5579
7
53277
22
251061
90
6611
51
388800
54
458021
66
10443
82
351384
79
55042
31
348411
44
491554
957
2040
73
237783
42
444898
51
272837
44
170539
754
7238
85
55015
40
167901
19
408862
69
151603
27
65600
360
2637
260
5734
12
254515
48
187703
90
212898
22
105603
54
92309
12
344427
37
234484
68
430554
51
167155
36
133538
3
103131
39
52782
11
424614
707
9283
3
324506
5
119778
83
242891
844
6149
66
84029
6
49569
83
243030
76
297946
91
30444
35
74928
50
87180
63
272466
82
297145
78
360755
54
157131
84
460435
84
244811
46
151731
68
446763
26
174834
81
265819
77
145029
40
323675
32
182646
75
234957
54
403837
49
263824
11
252678
47
319138
43
240538
71
143109
2
103367
77
45405
48
98745
82
175467
38
495633
95
360344
12
178126
352
7640
21
172885
20
236545
45
17728
26
329629
55
35828
121
4874
2
487292
5
250171
255
2742
54
401355
449
9541
92
153201
32
491911
53
250241
34
373559
93
497508
24
423849
58
430297
87
84928
32
416141
74
288240
21
80841
2
422941
86
27845
45
179187
8
391530
94
109977
6
183398
521
3475
89
74154
83
44632
93
139048
87
225313
57
175262
99
82997
83
460882
36
277761
695
7297
14
272815
2
24215
48
396357
6
236698
72
81719
9
39100
15
384427
27
157227
9
393984
94
279902
11
364944
917
4078
49
444682
7
132993
45
81445
30
263009
25
481871
72
413837
51
232731
7
22222
299
4696
4
50374
52
38862
65
157224
73
264707
92
11896
170
3826
35
145689
28
441266
95
213071
10
236907
15
392294
689
2308
39
162438
129
6864
11
290202
214
6779
64
114850
51
24462
80
283238
577
6416
77
487435
40
155662
88
243147
93
280849
646
3350
799
2198
52
105451
80
452225
95
476937
90
15897
44
166679
39
277811
15
470711
27
463521
97
436179
39
50301
11
287415
84
424374
24
403632
76
421966
52
318345
38
24764
68
256078
42
65500
744
2253
79
55791
75
134505
62
141117
741
8250
27
36546
46
62002
55
82610
60
91072
73
237766
35
23972
59
426370
31
241440
92
432410
29
24338
440
5554
95
132048
19
344970
56
130279
22
363528
133
7859
68
150571
51
178740
45
107463
8
8714
40
170603
10
120741
15
457673
33
297315
99
267609
6
64342
93
182098
32
377984
62
268867
61
338402
779
1219
62
220645
878
8113
4
91844
99
379146
12
322156
88
35160
18
288695
91
83566
82
290782
728
6265
5
455227
64
221938
23
414110
23
306849
49
188869
877
7115
41
180104
57
119517
79
223958
10
139491
93
96409
75
284802
43
252191
30
46794
89
167804
10
88027
46
173384
791
4204
52
296593
69
347802
35
25280
65
425229
68
498491
4
250191
21
176271
8
298697
43
48995
78
306130
28
423157
27
28549
82
195468
76
17805
57
403342
27
207350
66
410057
83
132116
39
357361
7
301949
41
77790
97
91675
63
47627
82
58088
7
409203
54
373447
26
380135
93
258539
52
365864
9
459561
176
3820
80
182132
95
103222
88
146243
59
74624
94
187054
350
9640
74
112529
52
167092
70
489294
228
3768
44
338166
39
231916
41
248098
8
275234
42
258057
94
94480
73
391718
94
94652
44
57610
589
4406
15
263893
89
111120
16
381943
81
356956
23
81814
90
281353
92
498149
12
156308
71
384405
45
130425
24
232277
46
487064
24
480453
61
227691
13
298627
99
492124
1
179502
95
399737
68
443275
91
261886
24
138500
63
10099
859
5135
90
402694
909
6084
674
9316
2
42152
8
480485
7
164048
83
65996
48
1007
87
276753
37
184581
49
313241
41
450655
56
204334
25
180113
67
190133
925
7067
96
444903
42
148701
86
45423
50
4848
26
93733
71
6709
20
467864
91
11953
19
497855
38
177856
25
234653
3
446394
624
1374
85
269970
34
110134
36
449496
70
19191
48
199330
11
126959
87
178078
56
481199
85
148046
34
293087
456
6537
91
58453
64
254940
94
349452
24
77054
35
169211
89
194244
353
2644
49
140199
256
4739
3
243454
69
260139
11
423896
49
125434
30
321547
55
256951
117
8874
7
154801
41
367849
21
13554
54
72974
77
425581
39
88794
55
100992
37
129687
72
315418
63
114843
22
166292
16
480212
89
22736
26
129831
252
8739
90
233631
94
255154
52
228394
16
122549
716
9274
238
3758
84
54141
87
241953
8
54339
64
440455
41
293994
1
242728
74
78742
57
190985
90
99377
70
392817
70
411958
157
6836
56
212192
63
141091
954
9036
67
491093
21
470319
75
18112
17
470868
67
141234
74
57315
27
367315
617
2380
61
382060
193
9797
74
292522
93
87783
42
43633
119
1879
87
12878
32
96199
41
222327
95
212585
96
318765
65
284118
21
244347
22
133896
5
6564
12
116800
54
450154
56
336979
10
287931
77
314528
95
396099
53
62601
34
30226
77
353958
73
252525
57
252015
10
9586
989
6004
21
280829
62
350803
57
185495
22
485675
25
415635
67
158336
83
280884
89
419460
66
439529
97
394553
48
394409
11
469445
5
319994
64
22916
379
1619
97
452946
83
75352
53
2220
54
72475
39
222055
54
295881
21
328990
34
229990
8
272191
18
328186
87
214811
78
160806
571
2426
83
357534
3
240620
48
263421
46
229266
85
190055
39
150629
51
290130
80
81734
182
2815
88
279568
65
86501
90
164493
38
122307
49
440942
4
156732
84
387393
12
373658
41
186918
99
139812
74
299579
34
345811
64
235141
81
43422
31
463571
1
58849
67
298233
90
64398
91
346835
807
2190
681
3315
7
17405
10
24224
35
270689
27
241743
80
87478
35
451297
4
61030
51
495902
81
398792
97
67528
1
90515
83
437003
92
80045
518
6475
44
225561
71
129410
67
25914
39
288421
23
233725
42
27358
6
400115
12
366019
84
319569
195
3801
54
125976
55
123123
14
190155
999
2997
74
342253
52
131938
31
442368
38
256730
29
292101
35
298904
76
94031
41
77887
42
186582
66
34803
10
253626
90
22894
967
3029
71
108347
4
190457
45
323775
660
5334
941
3055
89
141262
97
259378
90
105791
36
476050
4
227670
94
152679
8
317305
21
180690
45
18070
50
124268
136
1862
568
7424
88
408198
9
420831
78
267881
694
5300
2
428838
91
261285
56
430036
90
407824
75
375417
2
219872
26
493804
4
468199
34
135927
41
217785
88
347379
70
6443
94
391764
93
146895
36
297284
83
283470
34
317676
76
414764
83
41753
32
9568
27
190685
57
439502
56
181594
30
475449
37
266534
68
4814
73
160511
59
79488
12
211255
57
255492
94
468044
49
296864
54
156485
95
496880
64
247883
25
314396
87
231429
1
455825
61
70340
7
460670
73
41913
85
31545
88
290523
105
6888
10
6631
70
354370
18
343701
25
339465
58
208856
47
210366
54
125567
37
413391
749
6244
63
170084
35
166847
85
344604
93
141767
22
230187
80
243989
84
102803
22
409007
18
287670
599
1399
83
259523
26
438658
4
39296
72
83478
596
6397
75
347794
72
99939
59
213423
849
6144
52
294978
76
164182
93
182986
90
267444
13
145067
57
402729
39
310141
2
465708
135
7857
7
204253
974
9016
84
162272
49
375467
1
187724
96
156216
76
487296
12
369733
36
439567
96
359243
79
67834
27
196929
38
67571
16
415766
55
95496
69
364540
40
415314
94
34211
51
455121
34
192846
921
1077
54
343116
36
203143
870
2127
1
314934
37
20101
386
8605
47
220931
35
291472
3
344935
67
252618
44
25522
31
399107
26
230908
40
254407
36
67162
26
237333
75
176366
57
139726
61
280237
83
356945
39
217858
39
482357
89
119596
63
169648
44
288161
74
208630
62
365307
73
451544
6
23609
20
91911
37
159176
41
350122
32
196655
30
63965
64
392873
25
425004
28
417837
63
41483
30
317386
91
362937
49
132418
47
98565
27
264100
79
314283
47
496021
65
473729
58
312625
29
128704
749
6244
71
151385
1
141711
32
272769
8
281018
26
396232
5
490930
63
5351
91
450281
83
237651
60
484244
96
48581
1
51077
1
289414
914
1084
38
339912
13
316777
9
218870
13
293571
6
143685
49
35106
6
282295
70
14297
89
169873
77
324608
646
9344
82
76372
11
413146
35
226575
69
101084
766
8225
88
177371
45
340002
77
63132
19
71050
72
204730
33
497130
64
366113
80
137201
84
195022
23
24286
82
293871
26
149755
55
212046
78
281661
43
263725
17
133416
94
395485
90
237757
943
6050
50
33854
25
469531
402
2595
61
186118
39
39961
40
143314
30
191660
10
267845
76
121104
47
246521
40
370940
91
56776
88
1256
570
5424
21
218461
50
486330
89
408206
9
350955
92
269394
930
3066
9
422329
61
164060
633
9357
89
202505
54
260636
90
261041
531
4464
19
386507
53
216789
89
233714
36
12840
31
2017
62
392328
3
268350
50
276824
392
4603
73
85844
72
40702
62
92874
69
383530
272
4723
94
109120
750
1248
52
389406
2
158295
4
311657
91
484787
46
270583
52
442279
36
262057
75
97259
58
317191
2
379325
25
433399
569
7423
67
282773
63
97439
32
317776
73
450652
27
380257
35
215244
20
76168
271
8720
66
486104
802
3194
14
214687
39
438748
85
361179
28
431815
74
347781
81
283564
70
294524
90
114264
73
343147
31
322116
422
9568
40
282674
11
387147
99
162462
22
73702
66
96142
75
447082
24
199101
68
85393
34
469741
36
190312
83
109621
55
45954
2
224133
17
388776
290
1708
37
175855
15
304348
17
38859
45
450505
85
310391
57
160233
4
303220
863
3133
17
446286
92
291264
578
3418
30
226933
68
351581
60
416803
64
241361
24
263713
69
358679
96
273205
96
412981
81
373898
34
425451
540
4455
15
254432
109
3887
23
494704
86
106221
35
68313
21
408034
22
148146
95
18242
57
439027
80
115641
63
279717
13
51779
30
126279
31
189723
1
255626
90
57070
13
201431
54
13360
54
46067
215
9775
50
335807
61
401694
8
319056
97
111193
95
494033
70
475990
57
151137
84
97204
63
307152
63
311895
39
369998
60
432454
77
152560
58
350809
57
322244
82
342192
12
291908
31
89485
4
456871
373
2624
28
493382
49
304450
72
368481
39
372585
55
360078
85
32416
63
414130
12
238524
60
369904
33
486014
43
355250
77
196751
49
319967
15
128615
35
217012
46
196177
48
155327
62
37106
68
340115
59
162964
87
249146
14
182707
91
498532
77
83087
85
67849
34
150436
4
130689
46
130475
20
163079
24
377661
83
146344
12
16529
30
343837
17
172895
82
53833
89
89596
60
341060
67
76931
82
464538
509
9481
25
96267
75
118523
2
344584
53
278669
98
207300
46
390998
48
396681
18
497790
67
235602
51
363013
15
303363
82
292967
76
88590
6
208289
19
277485
20
461294
244
1754
995
3001
132
9858
97
385912
477
8514
71
80821
39
155538
75
184863
16
79306
94
296964
60
322766
86
189677
85
175127
81
455816
91
233092
81
70287
5
406754
660
1338
69
159781
17
122665
82
120527
78
346056
31
342468
45
90401
49
214581
46
332309
150
5844
10
463952
61
196454
6
128058
25
216794
27
6186
20
274383
30
204393
36
290378
81
223267
51
20775
519
1479
4
10205
91
245757
59
261187
65
82784
86
272383
98
165292
53
378933
790
1208
33
191708
17
411809
58
212604
80
212508
18
60778
82
427608
33
326909
40
363445
90
58837
250
7742
38
282433
400
7592
44
451476
54
197696
94
284566
454
4541
26
468102
77
495001
294
9696
799
9191
89
268511
82
66125
87
214755
565
6428
54
80082
13
289996
62
65554
22
301543
47
32778
56
151948
85
163541
18
238811
71
372363
57
377330
78
62589
30
124142
86
132913
28
57834
74
258852
58
476632
13
362559
41
196936
13
21112
270
3726
63
468054
20
167486
1
279871
84
5762
91
238079
645
5349
59
462119
23
78014
18
309023
60
228519
19
165107
55
183276
295
7697
31
494123
30
61100
19
24389
57
72526
65
111750
93
212050
93
93795
91
412169
53
439059
56
194116
19
256382
72
322898
68
162923
18
139015
40
329329
48
301668
70
137769
32
13747
99
161805
74
369878
93
447875
46
138288
50
326864
81
344838
42
427220
88
115309
33
106130
32
146920
85
81111
13
122537
64
117293
18
118702
55
106723
78
201342
62
15017
71
48897
96
309388
86
143629
44
48091
55
315873
28
348782
71
241194
19
142680
65
109425
55
362608
875
9115
16
373559
27
160453
73
393922
5
380847
478
6515
7
382311
77
461607
1
129869
39
186740
52
99038
34
470994
74
156829
8
82743
5
320211
2
485096
52
75297
58
470758
959
2038
38
214075
77
115883
35
331292
334
4661
5
76836
693
5301
48
233594
19
334530
67
159026
76
201226
30
215057
6
497737
32
289447
56
4632
12
65522
41
373295
52
450614
16
330846
69
51100
33
213971
68
36203
33
356276
61
53423
88
181481
9
314927
21
11766
46
322745
19
325156
20
435895
82
306946
464
3532
25
103456
12
165902
36
27729
137
3859
37
129247
67
399972
891
3105
7
458637
20
211133
44
348507
85
148730
2
454201
56
47489
81
423079
94
41700
8
457822
93
225169
89
13912
67
458642
52
85169
71
161227
81
245533
84
32645
18
437706
44
174660
573
5421
76
457916
75
481942
52
17548
93
426617
17
106554
92
194054
78
191304
95
315139
275
4720
63
369906
48
432284
5
98887
19
342837
14
247533
45
156922
16
203216
76
200475
55
483086
82
265658
15
262087
39
452768
41
369308
94
173131
62
320669
60
483711
85
495540
88
341078
84
420581
55
485883
37
208513
54
27991
360
4635
44
138018
949
9041
95
289768
45
342456
6
80295
4
375205
50
200968
74
262782
70
216831
462
6531
89
328199
12
137141
23
279392
828
9162
3
259311
41
255410
711
8280
48
445931
66
77186
95
404990
8
433809
93
37141
48
156457
87
276752
1
213573
86
69247
60
233243
32
389392
473
9517
231
7761
21
368455
94
448565
89
32440
32
43548
9
343249
545
3451
34
378692
99
297911
84
476780
79
454116
6
223294
209
5785
58
42891
52
347024
971
6022
49
423284
48
161548
85
230127
42
114790
13
85818
72
100632
12
303680
9
111099
49
115216
299
5695
84
142155
74
267265
52
323449
16
417442
7
456804
22
281083
49
140829
806
8185
83
265500
20
114009
47
239404
37
158896
78
466213
23
480664
63
116601
115
1883
44
312425
6
315150
76
445051
55
366324
86
343342
60
254541
6
34099
50
118549
39
24913
40
140207
32
394802
54
492745
11
173210
20
34726
68
377323
24
363325
51
16730
50
371435
68
327583
77
248714
39
125519
816
6177
49
328086
88
302893
22
250238
50
260369
58
466473
94
84318
18
437038
8
244565
444
7548
80
92602
99
276814
43
351787
85
133398
36
70565
75
12529
31
438059
40
370729
7
79416
94
326303
55
320897
99
452659
285
8706
77
169567
58
489359
810
7182
36
457577
52
499366
86
462323
5
464511
12
403270
22
383982
33
221896
9
395175
51
385580
80
11900
43
45203
465
9525
33
360207
34
320298
15
204724
48
358018
757
9233
71
329198
65
70152
95
418476
92
406145
77
85737
50
274495
38
280152
92
218223
886
4109
71
173115
17
29843
83
133335
51
21193
78
148566
402
3594
44
431355
92
261727
128
3868
54
424808
68
266906
80
385115
65
379525
52
471182
54
205438
82
308392
81
77806
41
13793
66
28459
24
187412
96
67898
38
287371
46
42519
51
233790
25
160011
92
494930
12
269835
15
337202
33
479403
23
112116
88
239782
33
439998
20
69144
21
239552
64
46353
92
472155
58
349166
59
198789
74
203295
3
203845
57
67829
79
467955
66
291231
76
195399
18
10962
2
371124
37
135884
57
59728
81
57008
65
133664
50
329638
75
275150
75
68882
56
258262
47
466282
963
5031
51
444670
93
463685
19
149976
81
171480
96
221819
46
227209
640
6353
1
102330
48
346836
60
321404
61
387151
14
291666
6
414560
69
333783
47
140823
59
403336
94
228117
18
329727
82
370040
47
117730
1
24332
19
326966
37
151008
89
428826
45
306714
70
136756
25
103163
13
26843
8
220122
191
8800
42
281595
2
307349
13
69947
99
286922
6
43067
71
52190
62
107662
30
4897
12
486361
98
414335
3
267266
201
3795
80
280908
46
350157
72
259103
20
270360
98
323332
29
396652
47
275875
35
432914
59
101872
17
217171
83
272637
7
201148
6
144472
91
335508
32
148838
834
7158
12
193421
8
116172
52
472415
34
356212
89
302410
22
272557
29
145191
86
47236
5
76153
356
1642
57
184051
92
151501
52
498016
49
82953
31
480296
4
457746
18
238588
7
264239
13
88503
95
397354
96
313745
60
445914
20
129865
19
62168
46
150543
8
308694
82
188559
50
58113
70
158019
639
2358
304
1694
64
55436
24
120118
88
377111
153
1845
65
355023
21
51712
257
8734
63
475223
93
144365
58
355875
87
78642
77
364736
13
308279
34
130929
47
5259
97
340137
40
283899
81
14217
14
301231
80
142099
38
78738
42
134699
30
19132
39
495328
22
113166
33
226928
11
163205
86
63511
99
120208
66
446026
71
465790
95
342338
23
1322
37
291625
7
234130
52
469244
34
237999
36
488184
59
354407
33
134426
44
130043
157
3839
74
32483
56
461833
14
298147
88
417757
87
264632
82
55576
91
408805
78
146404
64
222647
31
203091
31
47817
9
101584
41
467050
44
444607
69
320361
89
169196
55
466734
9
127615
84
22541
95
377946
59
222643
12
247475
10
460062
888
2109
52
182034
267
3729
3
415358
12
424817
19
334631
54
454823
43
498356
23
301351
160
2837
79
374659
314
4681
54
56732
56
227061
50
246203
66
441386
64
418411
81
122747
26
298605
53
170947
1
428219
98
463467
80
457759
45
49331
98
90832
4
119457
89
87366
14
86214
17
5299
73
475964
97
223804
310
2687
33
311193
3
2577
73
173430
97
114018
62
160775
48
423946
25
201028
13
390301
61
373643
21
110537
63
181608
771
1227
13
163253
288
9702
7
26378
24
310952
74
153740
37
77175
554
1444
26
160518
743
3253
73
216042
47
209935
17
142509
46
461634
7
238212
8
119746
7
231247
33
112494
1
122203
32
378797
4
261973
87
59027
5
397636
13
314434
77
264901
22
386106
93
221129
98
179704
10
398262
54
303487
29
92399
65
11593
3
12779
86
160738
4
280167
49
68632
9
239045
16
288293
31
51886
15
273335
95
330739
42
147978
73
32905
3
499861
36
215416
25
235863
63
205772
28
6022
25
343646
55
341180
16
251762
67
391809
13
6322
257
6736
55
20532
89
46546
28
54019
55
347652
33
487176
14
84144
34
127675
88
242764
1
473660
79
337223
13
356803
17
221720
79
112343
108
7884
34
252837
55
217091
75
461460
25
426166
66
266213
30
29778
23
461689
84
427492
246
9744
19
107773
35
293703
91
40287
17
177853
36
108255
25
321154
62
49862
42
477196
51
241155
77
240648
93
49781
71
256718
2
89846
79
146609
2
190274
709
5285
32
215674
63
56978
88
438143
42
176169
55
276566
27
367815
52
284030
71
8687
79
498411
79
40222
40
129767
5
396284
33
194229
23
192493
1
356531
91
401860
13
482930
41
7385
2
136991
99
158685
97
158668
25
218220
21
36128
76
196864
60
143619
73
220691
40
499025
69
10507
3
234615
33
186095
29
444814
21
293146
780
4215
51
247771
66
91226
758
2239
492
1506
78
24952
800
9190
53
218695
75
36071
91
57285
74
254860
21
232590
896
1102
43
298104
5
217093
81
226688
56
355037
61
443618
24
478973
40
275941
72
153649
30
21523
69
247388
16
263322
77
294813
87
254694
27
213149
41
51019
55
318674
98
86587
51
250532
2
312909
61
205728
99
189140
67
90311
51
306660
72
417549
98
331047
20
384286
66
135695
76
438178
18
386193
49
389499
65
120940
17
322309
117
3879
68
366799
19
325643
20
252211
2
250263
2
101182
6
1923
95
5191
28
364392
41
210079
876
3120
409
5585
95
456889
47
265755
10
32559
52
127644
92
71074
10
367062
3
254058
89
436132
84
217671
285
8706
29
444683
85
457564
122
5872
745
1253
66
358285
89
372362
5
488636
99
186497
930
1068
92
7977
91
270770
3
335791
37
5856
58
359948
12
169153
470
2527
31
495973
45
488441
52
350308
28
108540
23
376008
87
53014
28
203014
60
68820
19
429942
82
444436
73
291066
932
1066
4
354234
93
76840
48
133967
573
1425
63
2421
49
59147
17
296941
13
150486
10
460993
2
275090
22
346028
57
172982
16
146417
46
155210
63
224366
59
482490
18
274405
81
253214
62
279215
37
453109
26
1374
43
63606
76
185126
29
244162
94
251436
604
8387
182
7810
73
301999
49
102444
92
67976
34
492176
88
293105
9
71342
54
267590
23
420566
1
76264
492
2505
37
376255
14
368949
16
241446
88
107307
83
486309
6
464371
35
123391
39
106377
651
8340
17
281031
12
320965
47
291048
147
7845
31
483795
5
10317
96
298408
81
147113
6
488951
14
231885
13
75465
19
110008
3
497476
60
78676
8
396663
10
234620
64
87586
96
263171
58
147543
42
200905
18
346771
61
443768
82
471881
54
299072
91
252375
84
169597
84
109277
13
90372
7
143953
83
56887
79
388801
37
476709
30
30265
14
363319
48
19467
69
449294
27
198379
64
219139
80
215122
70
271649
266
1732
33
210159
79
313157
39
351417
83
234472
44
379593
28
351051
80
149286
94
282013
7
367637
418
2579
455
8536
9
123666
43
137030
60
478133
85
448661
93
53245
67
144419
45
316796
909
4086
37
439507
47
433850
7
199188
31
80987
12
422211
46
147016
59
318103
73
110258
78
262991
30
315413
54
401481
39
297178
47
325329
768
5226
92
421572
27
218662
52
340460
72
133581
85
164924
92
154814
55
116141
78
372987
1
481316
28
147376
6
339476
19
317124
221
3775
59
455193
60
218982
64
294533
390
4605
12
103943
2
145681
39
402960
15
84897
35
383175
15
4280
14
408668
94
448846
22
226398
586
3410
93
237136
45
168439
31
200920
99
153969
76
412204
33
123563
27
424978
288
1710
82
118381
34
72838
26
20020
60
419872
4
258811
14
13685
15
256024
88
244723
71
424976
88
152745
87
149238
267
8724
61
472221
88
6549
18
158793
64
422664
84
98007
88
124818
27
226885
97
416307
39
374396
98
457981
90
73809
88
190849
87
161081
29
21401
82
175215
3
387405
75
389379
80
127558
85
353826
92
409734
68
165818
63
194880
62
465262
64
455564
47
289192
41
256084
39
226612
19
159787
81
136911
287
3709
77
82075
89
121613
78
38726
31
368853
42
383919
11
442766
49
339996
47
269770
50
144028
43
229526
391
8600
78
234193
17
485304
56
379406
46
392575
68
65427
90
396333
2
138046
80
390677
52
214252
79
432718
52
273555
93
388976
41
83899
16
456414
54
40679
25
212941
82
188870
33
248094
26
368255
40
54929
36
247839
715
6278
80
325530
15
363773
78
259438
72
313542
84
381709
30
333612
18
443892
78
139419
4
150418
95
396665
75
103583
9
483374
59
269155
2
166061
172
8819
22
334958
96
458810
60
203799
35
210891
57
93454
10
24801
16
280824
69
401735
59
28948
64
307859
93
207539
59
229054
73
133821
300
4695
870
2127
16
463664
91
107787
16
125498
26
355584
99
198079
63
74306
56
316395
3
352476
68
304559
72
332198
12
471117
11
80868
87
348243
51
254884
32
434617
91
160289
37
73472
67
300690
89
217754
98
72832
69
418215
41
110105
17
94421
83
11010
8
353572
7
373597
93
338535
60
306283
49
137283
694
4301
47
149320
915
4080
59
458082
20
149128
25
438532
81
170432
38
190493
89
98696
95
148589
267
4728
977
3019
13
130158
613
4382
71
387009
509
3487
338
4657
97
418469
111
3885
98
210942
23
133960
13
226509
56
302362
31
492378
693
9297
7
170072
44
64057
77
267752
76
413286
59
257386
317
6676
32
499277
91
208943
39
194925
78
448016
272
4723
17
115033
24
180244
91
16582
45
279910
76
327828
20
440647
7
97235
19
292385
94
273154
24
233058
97
367126
75
413707
67
490495
38
359529
34
321371
95
76522
9
480912
172
4823
394
7598
13
299188
747
3249
2
79457
55
377386
60
441374
86
199642
91
372221
43
418555
2
51277
10
50092
15
99222
84
280703
36
458728
977
4018
48
133096
12
276897
56
471597
97
135837
48
327280
696
9294
82
147656
81
84913
57
441654
83
499056
48
210027
3
463330
61
58128
76
74894
21
268340
33
23446
70
423785
83
446532
49
134900
13
453670
455
1543
84
217675
22
66676
22
292810
40
178311
352
9638
8
254427
46
170108
29
360936
59
316549
80
318505
17
6097
70
224099
56
420003
199
8792
80
306009
57
395338
22
416205
13
111026
83
487262
84
208082
94
409124
514
9476
902
2095
685
2312
33
426718
73
485230
77
223827
95
204496
60
147175
74
285674
221
8770
61
474583
36
163505
21
466806
81
481057
94
463984
9
342751
53
255692
84
229436
262
2735
48
164157
58
379675
876
8115
77
16909
92
1948
79
447766
53
320919
772
6221
32
372773
42
110709
10
341678
94
185794
94
128989
94
444630
104
7888
938
2059
809
2188
46
385629
11
149049
6
299366
25
365153
89
66498
71
97939
44
361473
66
248278
39
338943
73
478476
64
143366
46
430354
479
3517
98
331115
10
461936
178
9812
86
207756
47
356361
4
367142
96
312102
57
293946
85
98867
2
306584
31
303277
66
467465
69
81797
81
437591
14
341509
26
483702
78
333144
98
134258
89
278696
95
188454
72
420108
87
200770
89
101189
25
63333
26
376978
14
238386
32
464906
37
237002
23
474676
30
359060
591
6402
89
229135
7
93715
61
55876
49
382775
91
324010
91
169820
58
372970
17
35691
42
388972
18
100552
74
330304
67
73125
49
182286
41
2054
14
64798
33
172781
40
343517
55
221012
90
459319
74
202964
79
104015
67
459814
44
46073
306
4689
60
122577
60
244353
48
211419
83
335737
72
6991
35
462816
19
362073
25
148250
1
390050
21
75296
22
228897
286
6707
15
34973
706
4289
82
380990
7
487508
85
61057
61
131464
17
53005
81
190136
403
1595
61
401057
21
295268
301
2696
330
2667
92
339028
45
126439
1
293399
38
31159
74
437223
65
266112
728
2269
39
222901
88
227993
33
367582
55
294639
56
58247
48
424870
30
313681
89
414265
29
419539
27
118894
497
6496
44
429751
5
463541
46
23283
75
472882
79
355267
56
450178
75
349249
53
384226
25
2145
73
158637
73
332774
12
373138
24
6149
6
132732
94
220292
78
161270
89
36753
59
307525
42
382883
78
390435
22
68427
81
447978
78
426323
15
484303
800
8191
88
331106
20
132781
14
224150
16
471560
27
193727
45
115463
29
415124
47
1157
288
6705
4
265153
65
59971
22
347247
16
274708
56
128187
99
283593
1
314240
42
265016
73
448771
50
312717
34
59214
39
404140
89
397059
72
438809
64
267954
53
391451
652
6341
79
370385
71
87194
4
327579
49
85841
565
2432
56
495449
29
483894
7
105101
84
146107
60
333207
39
216139
86
466119
8
145451
12
420055
43
219298
28
86122
58
50613
99
436918
42
464911
76
83272
54
336314
51
374000
91
365521
1
293209
47
97130
25
210809
70
351341
855
4140
878
7114
64
30513
59
159296
11
228898
82
81154
4
446403
47
183095
649
7343
111
8880
31
334575
43
34958
35
303070
27
311866
25
419643
34
17870
58
7322
84
289993
62
368264
87
496335
35
192949
93
406779
36
360738
882
3114
51
353227
94
102789
85
259388
41
479907
41
4152
57
461611
37
205389
93
272329
93
64523
97
295682
77
197487
49
481784
64
328099
56
178179
53
335515
74
379224
8
186809
70
304368
25
150024
55
403299
86
300633
61
282358
41
494265
94
404090
32
458438
5
31069
26
402402
38
294671
2
17902
98
17478
38
16403
12
28198
69
439895
17
256504
6
321124
65
114250
55
461489
15
4644
62
142339
36
45145
31
451725
68
452828
1
382893
62
109054
35
155344
81
70859
510
2487
55
428289
23
268230
68
270374
952
4043
999
1998
22
499812
87
355163
43
117334
29
173951
81
218816
916
8075
9
324030
64
68888
73
427432
48
354925
74
302620
21
176318
85
421321
96
308764
7
265926
14
118678
42
144057
38
209164
55
138006
46
486939
15
316837
44
291772
65
402553
58
147230
821
7171
62
316771
84
237990
19
479169
41
9105
5
69832
872
2125
20
297036
9
465411
98
308649
79
13122
79
321458
15
1116
33
127142
77
255571
10
450434
903
2094
77
494261
46
424442
31
405931
65
310008
23
113450
53
308210
90
329206
95
31364
45
358332
95
29988
17
183750
6
224118
95
227909
47
439037
569
1429
846
2151
9
484833
51
454987
77
404267
46
72318
14
151870
60
231114
66
279535
315
2682
33
84693
33
345501
87
452257
26
188034
88
361352
28
195727
63
310312
35
37375
75
177185
51
329188
41
90089
666
5328
39
208168
44
141594
71
161240
76
241982
93
460816
713
5281
50
362288
7
66784
8
454237
854
5140
895
6098
95
469912
66
279211
35
328803
2
409726
336
3660
15
380981
86
13867
40
387461
69
51642
92
414271
31
2509
67
232874
51
42486
58
366222
80
334219
83
209008
94
158845
58
234006
19
175983
20
363502
27
125162
84
5446
56
459344
11
336859
34
8394
804
3192
32
196082
44
197364
74
438432
97
468150
70
304242
79
153389
87
117903
24
54020
10
480655
81
396071
91
305593
22
190176
54
295314
12
284506
66
169467
13
363592
5
389183
15
97153
80
420673
72
403694
50
170946
69
326890
31
475354
678
5316
20
407474
20
201797
48
142783
89
485358
20
13441
20
213706
76
424703
42
270888
75
325804
22
498277
482
7510
89
138112
77
19730
83
67165
22
297389
2
448210
933
2064
2
54137
27
470340
60
12253
62
475603
65
10705
676
4319
22
153290
1
273556
29
271375
60
22136
95
138864
331
1667
62
382975
264
9726
41
128521
544
5450
9
384541
35
115035
48
30765
54
217223
42
39776
90
164289
6
344850
83
361580
73
463235
983
4012
27
220034
68
288268
26
338492
68
479975
2
121530
58
57960
94
198792
93
252047
53
289013
744
4251
341
9649
6
158290
261
6732
57
218387
2
204297
39
445355
60
414765
47
67009
74
265800
98
409918
8
451328
55
170871
47
156479
79
442517
6
416933
69
486802
57
481538
98
251381
71
220442
37
326354
94
366568
69
4759
22
24047
63
365935
74
94361
64
9043
86
67197
536
1462
4
426620
331
3665
84
199438
8
209651
63
345463
44
433304
63
498148
867
8124
96
9445
57
256398
92
318482
99
361141
7
373617
95
280705
64
449532
88
453370
54
270793
90
2812
7
426400
75
226292
80
160292
66
474762
19
255028
35
411398
20
415023
16
127601
16
92504
88
310870
40
68223
91
364201
29
261361
76
437093
88
205074
930
7062
6
15186
75
471603
90
427891
931
7061
46
73455
21
134289
2
216967
15
100835
40
364482
48
423546
69
35905
71
306334
36
323209
49
387191
22
83607
66
148660
8
92642
88
432412
88
18200
98
141039
30
459375
6
217870
76
395902
94
159628
58
392180
86
203704
94
7605
11
296161
52
130281
27
348621
83
353534
28
374404
84
480245
89
440832
62
86399
12
18052
93
369313
87
311603
4
368509
57
28236
26
101330
40
415265
46
65082
26
327469
34
123419
76
155527
460
5534
81
102317
82
418193
30
473493
20
36623
73
105209
3
310477
38
450627
738
3258
97
274281
22
168104
57
11521
85
333886
47
476733
88
419712
18
386789
53
451984
55
220337
69
179876
17
174356
40
306247
74
165119
45
137064
98
415399
18
313761
59
293740
33
153648
20
28370
250
4745
84
356475
83
115043
42
264875
61
487142
49
369223
24
125575
52
327807
46
289328
593
6400
77
111364
165
5829
7
4525
71
326622
28
450622
751
6242
74
416800
7
64318
12
404675
40
369840
84
144868
63
26392
2
328931
55
176217
14
141970
48
102527
97
431662
78
184428
34
319502
67
140417
82
381996
41
339400
354
3642
37
481975
6
320388
21
150442
26
360024
12
304204
68
445216
87
260322
29
191357
41
365702
594
1404
92
72344
38
432410
15
263831
50
332362
91
18056
18
131711
57
98478
15
493690
23
360133
94
260453
93
265126
81
450419
3
253259
63
448925
49
16599
21
216423
86
489473
78
397625
79
22107
13
190052
59
437429
68
1582
4
401153
95
331623
43
477044
22
173026
80
120199
7
329231
837
3159
8
251276
98
40579
70
419732
84
422688
43
276177
80
68667
30
115792
25
479914
13
125776
84
499448
503
3493
74
115489
365
6628
69
487988
379
3617
73
250970
47
75301
57
436582
54
434588
117
2880
51
489131
56
30387
17
48706
66
117749
83
483076
99
199220
18
243739
21
85969
18
102870
67
3326
33
228355
5
328255
19
424047
32
158567
16
118263
88
358673
64
166202
5
84047
758
6235
79
221509
3
238028
75
478819
4
213178
59
250227
883
2114
83
87604
8
157241
17
243441
9
203840
84
302906
120
2877
53
225556
15
207458
81
410726
68
382402
49
252862
66
337179
69
214065
52
126705
10
194307
17
282151
78
362317
66
354447
30
125672
76
273845
15
9436
65
418342
4
400060
4
41415
24
190747
50
266701
178
3818
732
4263
91
386423
12
250727
78
197113
22
92015
28
353425
8
184920
11
230169
77
377281
310
9680
84
456054
19
94868
14
18033
95
284613
34
363950
14
353945
33
263599
24
91474
46
82535
508
1490
34
325501
73
209327
62
428715
81
107888
69
292738
869
2128
1
411705
30
119336
74
296633
792
5202
27
435838
75
35279
22
49411
12
446771
36
382914
65
408881
57
29643
53
248124
23
300803
7
493483
923
2074
29
367973
85
159349
76
332472
41
62318
38
27881
68
371202
62
469032
18
192440
566
9424
18
324665
49
365566
81
427549
9
5279
78
437932
90
471059
22
415934
679
6314
584
4411
15
68551
45
188943
80
50102
58
273007
13
149215
61
5657
50
33616
97
400668
98
107291
69
75020
31
389844
49
460736
43
252112
79
286906
73
222026
638
2359
64
497940
16
90276
75
366332
62
148311
14
484781
42
348908
91
377694
96
389824
71
349246
395
3601
94
93205
90
29368
88
68462
85
14090
18
272145
71
106732
95
100461
77
168287
82
306382
26
355867
94
311998
76
93615
79
411615
193
8798
384
1614
67
421552
43
492556
74
106613
92
311781
96
160454
53
391654
5
332127
24
349715
71
58562
23
451160
64
165541
66
315310
817
6176
19
376021
591
5403
11
353430
38
172796
878
7114
43
311693
42
121216
91
262298
417
4578
9
47642
39
82168
68
55181
30
78230
96
232705
87
330462
66
175049
80
58220
82
132123
93
213718
476
4519
9
480934
14
417394
95
492620
239
5755
12
283486
12
371529
20
488860
57
80389
910
6083
64
224412
25
148469
4
314294
21
83140
8
107134
88
359048
18
487114
92
190145
53
251597
27
345054
667
8324
41
298796
38
339109
86
458738
22
401739
43
357905
24
156919
71
147106
47
169113
1
183586
98
82151
15
222398
40
363758
53
366790
69
314337
86
224270
2
499401
86
83969
51
72295
66
322872
15
173575
39
143962
10
73198
21
428776
30
7535
66
71752
875
5119
1
279288
26
250007
60
136870
8
400605
255
1743
59
335057
347
2650
378
8613
15
31991
48
122849
47
386884
69
168408
925
4070
26
230046
22
405222
86
184514
80
60739
51
265337
9
66315
70
496339
61
314098
908
7084
49
127433
46
26247
32
364305
46
280839
92
395941
222
6771
50
467371
81
492339
9
114797
81
59020
48
101260
892
8099
2
3913
92
189900
72
168563
10
225277
56
4635
72
301278
2
373377
30
131438
39
320999
14
387788
40
359100
47
300141
61
63579
72
17150
49
235117
96
13057
13
58568
613
2384
34
343007
98
190796
417
7575
95
147794
80
250089
9
162674
71
433958
28
430286
44
155469
96
249434
73
46001
1
399544
77
93146
18
218561
78
279701
1
416749
65
122045
82
15857
361
9629
34
44599
16
348583
23
81826
358
2639
7
410594
58
282157
383
2614
80
181770
40
116570
184
4811
81
43591
80
222181
97
325443
90
415214
32
78371
92
187606
61
326034
317
2680
8
422314
973
1025
46
144625
88
412561
314
9676
69
455179
19
377849
47
119634
48
105541
8
38329
738
2259
91
149024
13
345342
13
228226
28
426468
29
472583
68
152386
538
5456
47
247624
90
290831
74
113144
88
79025
48
472566
57
127090
63
280944
89
421922
89
306295
39
239822
143
5851
32
233541
74
181630
342
6651
78
304199
46
160113
400
8591
81
301178
15
108391
11
298924
86
16028
26
339903
23
296679
15
447511
99
194239
12
372555
88
464316
94
315290
34
469259
182
4813
884
6109
54
245467
22
168486
62
440028
6
41241
30
15855
14
299643
17
384015
73
351955
43
205208
33
275585
27
414251
931
3065
63
363832
44
11240
9
412535
34
44451
80
39793
60
5002
19
304159
6
381091
84
283484
54
86577
75
152370
11
441914
11
288887
42
53809
97
208724
91
359917
98
142128
9
137070
67
140219
88
301448
82
242930
62
313703
46
348798
811
9179
46
334958
26
116866
59
231660
43
322450
33
480906
1
405282
82
233106
1
141092
84
113281
4
46853
49
149451
523
4472
68
352729
32
277716
786
1212
46
171651
3
187643
84
60943
4
52814
66
264052
22
403421
13
352767
35
370769
83
116766
70
492527
704
9286
92
222912
65
358994
48
313918
56
52850
18
49495
9
423901
10
247403
95
246859
58
1315
573
4422
78
478102
21
180208
51
382630
668
6325
72
308612
96
461119
32
342594
7
287846
697
7295
51
301389
11
13350
98
211873
62
325288
80
172279
85
461600
2
347335
13
152434
11
429571
78
455727
10
421893
69
206936
48
412631
96
374262
71
242535
134
1864
530
6463
39
256531
80
184976
323
4672
39
286395
2
370219
779
9211
16
369112
98
426861
88
130890
52
177680
35
203841
58
400322
2
28206
18
230656
49
240857
91
96637
35
147123
41
152931
39
341297
22
497144
43
134413
93
141895
31
339989
21
208112
3
22925
99
177074
65
152221
74
20857
78
243173
59
62528
92
332473
87
95124
17
497539
49
217393
62
239864
93
229534
38
216140
17
365725
96
13564
63
200316
77
51862
883
1115
40
435552
977
8014
75
116362
52
90738
94
353656
26
49297
77
97386
69
339603
61
155807
6
258588
46
298810
38
72537
19
268421
75
121954
2
376907
4
101048
53
80180
28
186408
80
284946
82
27182
10
324947
95
68952
63
378413
77
443457
988
2009
67
315543
43
114188
51
130097
25
239992
1
69630
21
78608
79
178060
39
449887
35
355064
60
173692
21
227411
12
113559
30
336270
38
191617
73
460669
40
451267
5
181731
69
330449
62
341784
29
201537
93
74118
919
4076
43
329397
58
46392
5
161395
11
125777
53
54167
72
144698
85
75609
95
143542
98
45551
80
375665
30
475077
96
404157
30
449555
471
7521
568
1430
80
209205
73
166091
87
353157
69
168121
24
250226
39
174732
66
153317
47
149152
70
181258
40
175704
77
181348
511
6482
79
413207
35
110098
29
209577
48
199497
930
8061
62
372080
18
392997
97
100665
91
91669
81
389171
58
143321
95
244298
96
397026
58
392608
52
214942
82
233698
42
66843
88
125279
90
79248
71
448004
86
76951
90
250118
81
204280
73
178428
75
45532
34
466486
13
290098
54
418628
8
21421
70
231572
70
386538
972
9018
42
79976
87
204920
96
403080
54
493664
55
335936
60
50877
14
97887
74
93234
224
1774
752
3244
563
3433
96
466530
92
78130
72
54875
19
57006
171
5823
70
405136
80
452079
19
480714
50
213473
14
357013
22
380493
58
93090
85
457369
12
382697
83
494317
92
139872
87
441774
15
100564
70
295509
45
419498
28
443845
43
116673
41
104783
32
223844
70
19970
55
493179
26
54852
42
70790
10
15672
86
432943
826
4169
62
354092
33
67320
73
109620
50
175886
89
327243
465
9525
14
233477
173
7819
565
3431
34
119108
86
32979
18
392961
22
190319
94
465736
62
52002
32
284474
899
7093
218
7774
77
424084
73
273796
185
2812
45
35327
94
142975
38
332083
7
74662
69
479318
94
383923
3
162395
40
293103
70
419586
96
282536
23
294819
99
333783
88
442903
52
107703
89
108140
65
161345
505
5489
89
392038
3
192486
67
429030
23
371392
60
10671
51
131098
98
314180
75
229413
88
66988
98
324347
68
113110
8
8034
62
212632
3
409778
5
408108
17
342836
4
225727
13
101123
27
81083
86
445258
480
3516
3
78305
8
184978
23
382590
12
45101
10
435842
39
84622
72
317283
1
343998
82
211587
96
256226
58
156261
12
25455
91
302875
91
42154
70
459228
261
7731
46
211665
79
459712
30
247439
43
274779
20
122746
763
7229
265
8726
34
411186
67
386796
74
9354
20
40948
38
181649
31
308647
30
15148
60
272486
86
74654
4
45503
74
73293
28
361023
32
134053
90
20301
75
129662
262
2735
528
7464
53
155280
81
181943
42
261593
57
322875
17
322989
23
358129
29
305377
6
107424
77
191975
38
93078
52
114569
18
288285
9
371554
62
41729
59
258189
4
189536
99
115866
44
342982
95
453078
613
2384
995
5998
10
381951
5
469864
56
156382
994
3002
84
153942
89
6704
67
437547
37
498597
96
420169
298
6695
65
39100
96
155588
63
449877
9
107358
87
268424
73
414988
76
60263
16
159509
78
255222
30
169015
24
97942
23
156419
74
175062
39
240561
76
36437
22
192705
78
472585
3
448114
57
5025
6
413538
6
100860
52
100382
78
450307
25
78572
55
412341
54
372145
82
289221
64
331675
85
418324
76
181035
66
60188
39
180916
29
471810
41
107848
3
267222
80
154618
14
83881
7
337623
78
254241
38
83310
26
282024
63
327566
14
474844
767
5227
97
347536
94
448747
8
326711
10
280301
99
166360
92
277727
31
166592
55
390996
25
231564
42
247955
56
279530
88
259010
63
429301
31
203573
43
110925
64
199346
81
142628
40
204503
37
247631
83
86685
20
445465
6
412054
69
341955
69
380407
21
377202
778
6215
48
70652
49
425751
54
356945
40
477038
85
119237
68
306739
52
302858
118
9872
75
65439
37
444931
18
296171
6
202507
4
299712
656
6337
57
356462
95
273249
7
366316
87
108318
77
52088
67
477110
44
466539
56
343929
26
126969
68
419488
14
151855
78
108021
16
36027
71
136781
3
266978
70
398393
95
4387
52
328648
72
336147
2
184550
8
265272
54
103730
97
352271
17
107175
74
497186
18
182714
256
4739
6
464826
58
469704
49
4118
74
137856
993
1005
51
268216
10
312004
9
400127
75
223995
63
17866
49
420058
83
96091
750
7242
7
157048
80
232958
34
338364
69
171010
74
69298
305
3691
22
297427
5
460763
52
482383
92
462546
21
142118
61
47873
68
416183
85
369500
32
255418
82
286443
29
244732
13
132323
29
479873
22
460056
82
38094
83
221169
766
2231
19
339072
81
391470
72
461894
50
247394
52
126901
6
20019
15
277283
60
217240
42
377135
46
250657
2
399889
92
52408
79
395476
96
216853
81
27639
63
31905
84
209369
35
476871
265
9725
5
410534
17
339503
83
209638
185
6808
56
336124
19
291872
21
230920
31
474246
28
388570
325
7667
48
420516
789
3207
91
36540
6
448891
48
433063
883
4112
20
436358
31
77252
705
5289
96
346249
45
206992
5
432981
34
459845
629
4366
34
13755
55
62353
7
26662
17
1447
68
39678
72
260179
33
245489
8
80750
9
398838
37
357820
15
208967
36
117329
2
113344
5
257381
54
248414
21
385944
91
492466
62
219542
99
170118
74
216811
51
437393
97
390574
21
309737
70
382242
61
246244
31
18750
47
188528
95
138251
50
334550
764
6229
91
85730
26
109840
68
373697
29
401356
75
312637
6
46439
30
311716
69
286582
16
235001
91
282215
39
7196
42
329776
83
53211
50
441367
19
190582
49
103602
30
379913
81
471578
88
265195
56
77505
67
446887
63
239347
76
355616
39
376426
24
234765
84
448846
43
82947
62
487790
5
68099
75
411016
15
214875
41
22022
27
41081
49
256821
82
434696
11
72272
7
369682
9
91643
19
442875
38
234168
6
448420
40
227485
49
446903
95
477368
47
358098
86
287699
15
491905
55
318614
19
494826
867
5127
254
2743
35
217296
96
224792
6
335838
8
72828
74
6944
52
300973
56
364439
61
80129
56
94142
42
196499
49
491044
16
408542
57
444928
489
7503
25
360257
20
345927
89
357201
90
76301
25
267113
520
9470
84
292030
36
381171
80
456603
77
376847
72
499818
84
339692
95
282139
74
464992
70
375688
20
115671
32
404255
20
18686
4
298103
51
401721
89
337840
2
144982
83
235244
94
365415
67
96052
13
305723
30
183056
84
40871
85
178420
84
228629
89
161819
585
4410
57
482720
94
440735
33
391688
42
303191
36
248263
8
242780
57
165873
69
184574
23
483252
13
124249
4
485335
33
257923
40
486175
28
256121
724
5270
81
312730
71
152932
64
186200
49
14163
36
163316
33
2193
45
140205
99
192819
10
115349
50
23367
20
191921
15
38256
49
469217
77
384604
14
318882
583
3413
16
403998
87
474475
15
138174
24
386095
27
381068
30
280481
53
399380
56
430632
28
295653
74
207261
3
291834
49
125526
23
328020
197
3799
67
223595
83
366569
38
75248
984
4011
35
302986
91
122697
67
478407
85
375699
76
185847
80
210880
43
475408
38
478462
52
99588
72
295916
85
405016
28
444746
256
8735
35
385953
71
276895
20
325215
82
272257
68
186486
9
451996
198
6795
37
493139
72
198359
56
399432
8
258848
52
154155
35
228976
66
193081
10
283768
94
247307
76
356303
52
182239
13
407493
46
181528
51
422090
98
22067
60
260611
14
9632
38
218684
9
35094
97
90346
95
322440
57
296942
4
417397
12
44677
742
5252
85
119105
478
7514
436
9554
5
362135
14
113585
74
350666
21
355726
9
137673
37
26174
97
25130
70
18066
64
132393
39
39530
71
114883
69
149458
58
414149
183
5811
21
33816
68
212291
2
388351
34
42650
85
278306
54
454623
58
272374
9
177783
34
298486
19
430814
93
69907
88
213532
65
283568
89
475143
48
332532
13
145747
96
189396
6
254293
67
9387
81
114048
74
243428
11
55132
53
3608
82
485572
90
280938
69
284715
27
54399
48
249150
51
196194
69
474806
81
428195
54
406292
70
380872
22
334029
69
328885
56
365751
46
132929
29
32398
91
21839
2
254701
53
433465
7
26351
46
133844
59
368710
35
339483
11
276494
81
214540
16
304259
17
5574
85
317332
44
35072
43
491904
10
414106
58
187978
94
164082
711
1287
27
331961
31
259431
55
426939
88
147727
86
228919
81
12673
80
442233
46
146477
82
434388
85
349008
17
16952
428
3568
80
259005
36
289893
1
431863
94
60449
94
229147
84
150569
81
232433
88
318667
55
80008
41
184098
508
8483
42
100436
47
158991
87
104817
39
442506
703
2294
73
307678
62
95240
51
62733
18
116959
19
253058
40
76156
7
153090
50
388898
98
245082
37
404755
16
81374
37
105791
817
9173
21
170292
27
264142
51
75849
7
186810
56
237707
578
7414
77
355166
71
408228
98
92919
93
477736
22
194351
53
492175
61
244234
61
259273
52
222513
66
390679
30
106585
30
153548
66
312335
62
465077
67
232098
59
85891
168
2829
6
51542
88
177701
42
296687
5
333214
14
326761
51
141482
30
452118
23
191164
603
1395
97
73065
22
156396
41
424529
96
479072
17
378853
24
59680
63
119082
98
388250
73
325170
48
266091
4
482590
92
163636
71
461694
68
16646
50
419022
41
197872
10
408594
2
327755
41
197676
18
59918
77
310667
18
284419
92
122973
75
28484
55
260775
76
476379
19
476995
46
297272
377
1621
89
129886
48
325874
10
90089
6
479976
59
41608
148
4847
74
156601
3
437089
93
252152
26
385089
66
406591
56
110999
99
2864
59
439130
1
250721
414
9576
630
5364
83
414673
71
79545
1
193936
82
132505
8
201488
95
465124
55
393095
25
256800
72
351992
37
285922
95
497762
55
82333
89
263301
67
7790
21
477347
12
320775
764
4231
14
165639
9
213850
96
420990
932
2065
324
6669
23
270483
99
395644
76
115249
76
34534
86
131779
39
313570
9
128170
88
59078
58
107099
40
45782
32
442103
18
31291
63
212915
50
273257
35
314428
20
278707
944
1054
33
469551
77
143640
92
474963
70
154443
40
120039
61
245156
24
343660
11
91526
98
191465
1
78681
7
132215
417
9573
24
110389
84
293209
13
493623
41
75132
50
287054
17
157420
2
435576
49
316587
64
42926
3
150851
1
491255
10
490272
12
449937
55
443819
11
319792
12
222612
292
7700
50
405936
66
362376
45
391379
95
285458
41
433931
51
359317
34
97539
73
252350
53
226719
65
485148
67
198412
2
328857
53
493213
10
261284
85
154671
87
279841
92
378137
12
150506
940
2057
220
8771
5
309601
16
487421
47
117450
77
159946
79
43506
24
148737
84
172171
52
24555
29
414653
18
355974
53
12262
99
198616
69
158534
83
66098
94
20725
32
177467
35
332401
13
365577
28
70845
45
412340
25
245260
85
461391
54
94761
89
441240
45
267111
7
209474
83
155111
70
328219
51
243141
37
12633
62
429519
24
318333
428
1570
9
2751
56
436659
59
312245
70
187999
10
205638
48
282651
25
12306
585
4410
12
337115
31
447568
90
428586
46
307844
84
321063
476
8515
59
165814
13
94510
38
212078
49
321990
43
54233
603
4392
59
310922
88
465675
85
198757
95
248186
24
363474
76
294737
3
266167
71
234548
31
221635
98
474830
19
434607
66
159321
52
146637
36
228344
70
112638
73
150077
64
351804
47
18585
12
222980
25
322068
12
197422
69
25594
58
394215
68
153894
91
170433
96
484247
15
232009
37
194496
13
352678
39
3584
78
244740
35
120948
30
74995
992
7000
56
341731
27
277944
493
3503
86
345126
87
259670
33
311216
14
479435
99
417070
471
7521
80
17586
56
231608
284
3712
22
102469
30
269352
151
7841
58
192538
36
340923
18
456976
63
81729
57
8265
62
14635
37
21971
22
431273
88
56621
27
26135
98
98981
20
168326
35
255444
63
388119
40
349452
28
151291
6
171932
36
443400
81
382976
74
462908
74
73983
980
2017
311
3685
388
5606
41
458441
49
316849
72
423735
84
34682
319
7673
85
189608
56
149961
25
428504
57
38288
729
8262
69
233377
