2877
5494
1365
1315
6026
8950
7544
4950
6340
6190
5051
4004
7994
1660
6000
7045
9400
437
7570
8603
8387
8544
9007
3775
657
6193
5515
5657
3916
6782
9653
858
3241
3268
5238
323
5602
9609
6704
4349
6419
4270
948
8478
3789
6782
2264
483
6949
5590
834
9207
4370
9008
8374
7408
6673
227
107
5219
5410
9637
3376
6609
6992
7862
5724
2663
4462
8628
3623
1562
2740
7903
8698
191
7641
4474
8941
4313
8002
4639
2161
7618
6021
5887
4334
3964
4335
1892
3802
8088
8461
1387
4111
3213
6642
4426
1383
7024
2185
2828
7435
3770
7221
2101
8553
1189
7185
8096
757
1377
768
646
6889
2015
293
3595
2359
4651
926
3050
8607
3259
4594
4649
9266
5186
7277
3073
6553
9597
7730
4889
2492
3548
708
7321
7424
482
2880
5758
9124
6414
5583
1933
8046
7155
9092
267
3920
1440
8127
5131
6580
8447
3170
9720
8754
1107
7798
6453
3158
2650
7915
6400
262
1713
671
7802
5568
5609
7435
453
388
5537
6724
8611
6402
8663
4515
2701
3449
1774
5702
262
3054
7661
6382
5650
9824
341
1704
3240
6255
5317
4640
8956
166
2842
9402
8318
8773
3022
4660
7777
691
3324
4616
9212
8297
8821
3544
7022
242
456
2863
348
5612
4622
5061
7524
6076
7926
4430
5687
745
4482
6829
5294
3987
8300
7089
104
693
8751
4351
5202
2207
1207
8471
3995
6418
6374
1726
9169
299
2531
2561
294
5607
6140
565
8384
5740
2123
2225
1919
436
1639
9214
2034
1506
7364
3689
1216
6792
6448
424
3985
7862
1515
1183
3432
1239
5443
5049
6789
8126
8641
7746
7643
2215
2210
5592
3230
1524
1391
6812
4067
9768
2580
8820
8902
6148
4010
1443
2630
7920
3983
3996
9658
3274
2881
1267
1491
9547
3679
4881
4324
4238
5276
9759
5523
3562
84
1028
872
6718
2112
9592
7893
9289
6966
8513
386
8622
7731
1775
7098
8749
9656
6938
5444
6202
9653
7105
7340
4519
6941
6986
2264
9808
7531
8462
1347
3645
8093
2983
2351
7995
182
3037
5832
4089
3430
4319
192
687
5148
3523
2792
511
1469
4158
3810
3968
6462
8374
197
4351
6384
9437
4928
7287
5883
5324
8241
3952
6371
9195
9666
1492
3842
5214
3809
3027
8835
5232
2627
7071
4554
8578
7451
7908
266
3362
9997
357
3202
6914
6662
8045
4147
5659
2174
1680
482
6913
9789
6723
7384
7218
8501
5014
5158
4850
9945
3931
1713
4886
4375
3074
4581
6469
5316
8772
6979
226
9670
3332
6507
3532
3332
4848
1376
7099
7937
9669
3476
962
9977
3903
3269
7112
3725
43
6503
7321
1095
5143
479
4653
1355
3864
9869
2108
6035
4925
9778
2671
4706
8601
2840
8387
3495
6010
155
6232
5892
8881
5415
9606
8770
9899
732
5958
45
7049
1097
7559
3983
9474
2989
8608
4089
2392
4668
7456
7587
3155
4684
538
1537
5915
5123
2491
6929
7591
2130
5373
448
6398
2179
6372
6418
2121
9978
8182
7520
5190
1826
2960
5254
5416
3660
8745
3978
7007
3352
6112
1455
3143
3648
1022
5169
8489
9765
2488
3145
8250
3110
793
3644
1299
1879
8572
1219
9492
1210
6127
9367
1260
4586
6024
1387
5329
6828
988
1190
3490
4772
6943
9350
7096
6865
5039
1602
2348
9370
5663
7231
9207
5948
1144
145
3839
3618
7933
7146
6987
4711
5870
9627
2947
6279
4155
1816
4654
287
5933
5886
782
2266
8391
3544
9029
8081
9748
1926
8317
1908
7269
7414
4776
2724
4154
3839
7943
8664
4561
4357
8940
1523
5165
8072
9538
6805
2832
2805
4312
7297
9501
9479
1463
2247
7996
8205
2284
3539
9120
9258
1860
9053
119
4769
3662
766
1402
7992
4515
9059
8886
6005
6116
1895
5117
4062
7479
1888
2153
5308
8238
2010
5982
7076
7336
3659
1254
5882
4670
8244
1251
8122
7203
4192
3687
2097
6679
7226
8204
7595
7843
4869
3561
6234
5682
8872
3428
2945
4525
6826
8976
4683
9732
495
7968
3619
1455
1306
1317
1463
398
1008
3753
7568
582
2695
75
1597
5354
9639
5001
8985
4222
7932
5870
8611
614
5379
6387
848
2114
7966
9134
9497
896
1046
3793
8349
5568
3235
7962
9401
8944
3548
7614
6814
8125
1764
2133
2222
8838
8575
3181
6161
2103
4519
637
8878
3445
2441
4202
7960
1028
1759
8711
3592
2404
7696
3877
2376
131
770
1940
1041
149
665
3923
9635
3979
7956
509
2993
4385
2022
3582
8565
1743
1981
3747
2389
6789
6884
4374
5600
5066
3141
6327
7198
5755
7363
8296
9580
7275
2868
2404
9691
495
5017
2113
6110
5357
7859
4161
3517
4796
4700
9161
7777
9278
6671
7505
795
920
7465
3094
7755
5788
3023
4766
2208
4787
369
2001
9749
189
7022
604
412
5163
2400
3692
8979
2952
996
4753
1693
9274
3211
9129
6800
1226
8539
544
5658
6135
8671
6588
6617
8405
801
9343
1226
6893
1990
7405
608
5563
2204
3047
4564
5438
5924
4789
2549
2662
9046
325
789
7442
433
8551
7123
3910
3809
5134
9522
4347
7842
1576
658
16
4397
2168
1349
5211
2777
209
9671
6528
8175
3143
9347
1484
9763
6930
46
4477
4370
3043
8079
9079
3638
2152
4761
7807
6004
8259
9805
7000
7025
6834
141
6153
5335
2845
1977
4549
29
4217
5277
2944
186
9869
7911
7449
2973
1893
915
3606
1633
3301
7968
3417
5387
8728
1852
2129
9733
4813
2616
4037
3990
1279
4038
3038
1592
8497
4360
5047
5884
6125
5871
4058
4044
7619
7994
7254
5665
9420
2662
4135
9584
5642
3803
317
1217
6467
5434
3690
7790
352
6459
3289
8758
9094
590
9212
2324
700
7242
6752
352
1475
3297
4522
635
6667
6309
2091
1891
7248
8541
3559
124
1376
9403
3109
4938
2913
5378
2475
4285
7879
3668
7050
2978
5976
6595
415
6745
9939
3921
59
3199
4329
9418
5183
7255
9228
5916
3377
3015
8112
8435
6216
4068
5512
2786
4670
1286
9050
7195
9856
5669
2398
555
8072
5588
1060
5283
5028
3408
939
7111
4970
5539
4972
6406
8584
3691
6869
5891
4812
6592
1993
9062
9003
7210
6893
1322
6814
2932
6434
5871
170
5167
3829
6689
1815
1814
5796
6829
5678
7460
8395
2687
9915
5609
979
7860
862
4623
7548
6457
9036
2278
5549
3320
7391
4270
8805
4107
2317
9432
8156
9752
366
6119
9365
6349
2978
2399
5448
2764
824
4978
3236
9705
2573
5934
1611
5059
7083
964
4570
2483
1636
614
3477
1333
5532
5178
4706
6463
8886
2749
8401
5051
2011
1693
4711
1006
8723
4921
6895
1533
6355
6774
4578
2644
9095
761
9075
8280
36
8838
1157
8697
2247
8915
5769
4581
5983
183
7355
9430
690
33
763
6965
3352
8282
9465
4968
4882
9055
7271
1826
3005
3825
4126
6840
8316
7656
3100
6616
9551
8222
7405
8793
4327
641
3082
3907
2418
8939
9917
3972
8587
9857
6920
8295
2485
24
7646
1479
3224
7751
7350
9121
4371
8508
1792
8152
3151
8083
1056
3444
3808
7340
3637
4922
1157
6261
7638
4310
4584
5982
6598
4271
3590
6231
7287
3455
4157
8005
288
1591
9014
3707
5105
9684
1944
1477
4009
801
6549
7016
2740
2433
2857
7466
2258
6413
3043
3838
7363
4030
6328
6227
9213
7616
9626
8327
6221
6101
3068
4564
4229
2844
1830
467
7290
2729
1529
9539
5385
4193
2811
6335
2721
5725
9193
9814
5611
2737
3246
4961
8948
8894
5361
9151
9042
3734
6382
7207
7249
7558
1477
7398
5850
1747
336
9348
6175
9533
6776
387
1502
2599
8919
4123
6092
4697
6968
2483
9363
2728
9943
4605
3627
4789
6968
5227
246
3177
9255
855
2660
2956
277
7910
7920
1882
1104
2390
5624
9024
6909
5096
1945
3886
6725
2560
2206
5927
663
5683
5234
8887
9599
8120
7366
561
117
2659
627
2968
6349
4174
3756
3081
7440
3625
6311
1902
3978
3228
8084
6069
715
555
2854
2108
9015
4090
5025
3722
4347
1180
6460
9951
1777
2490
5616
9537
1731
9238
540
4313
7713
275
3522
4731
365
8326
9841
8199
4163
7989
6293
2979
9034
2376
9802
754
5232
3413
9692
8249
7814
2099
2343
1269
3121
494
784
4153
2933
8043
9963
2258
899
5708
5880
7948
8650
7878
7958
5052
8640
6141
4803
3096
2400
2902
6461
4882
5253
7971
4425
8818
3129
7204
8142
9163
9845
4102
1262
1969
3199
9605
6762
6434
7332
5140
5473
8858
7537
1862
7509
8699
5143
7329
7922
2795
8732
4293
7869
1851
8379
4345
5566
2888
9363
8336
4221
7450
5719
3788
2690
8031
8560
9417
7163
5147
7258
3143
106
399
3164
8274
1620
5396
4758
4592
4730
3362
2029
4987
6406
644
5854
709
2321
2558
3386
4649
5451
4116
4082
9678
8078
5021
405
4667
5752
4700
9510
4994
4138
6205
5575
3720
6238
8608
4100
9633
3773
940
5404
2565
1630
8228
8476
9927
8565
7351
9039
1000
1157
5376
4404
3239
1916
1610
6670
9531
2326
4390
3412
8480
1709
4347
8324
2185
9498
108
1004
5837
2984
5374
8588
5403
2749
5984
6538
1022
7881
868
1448
1179
9251
2293
8134
9335
9745
4012
7892
4771
5931
690
6559
5736
107
4669
1640
8440
1631
1879
1500
1761
62
9434
3653
6099
8985
7749
4902
3850
4385
8162
8177
530
3585
923
3889
6201
386
456
9444
7930
3123
7479
9296
9634
5503
9881
2119
640
8347
8727
2526
7460
4260
2100
6417
9664
9341
3720
7017
3331
1673
3020
4689
3343
3792
5868
7331
1698
5211
7961
2401
7270
6436
747
1667
9491
699
8634
3687
7587
8629
6665
2603
5932
6520
6437
3321
352
6606
8044
6945
3219
7833
7859
1446
5825
5594
5017
2946
8959
5242
9346
1877
687
2610
4962
5008
2139
1792
9601
6007
3138
1346
5281
8285
8253
8619
8601
6716
2754
6970
91
4411
5758
6532
1307
8639
9636
7274
2872
8864
5047
4939
6535
2509
6007
9283
1130
7265
4017
6199
7935
5683
7644
7066
1901
4719
3409
1493
225
4606
7960
6821
3225
9510
5024
1293
1219
6535
2361
9048
485
4523
3444
4849
5902
8190
3755
346
1468
4914
6708
5166
8236
8227
4203
6213
555
3463
8077
2147
9896
4507
5707
4185
7123
9322
8121
4935
3963
8282
8010
8417
6496
1187
5152
7669
5957
8131
128
7570
1030
4889
9949
8047
8771
8257
2696
1761
8777
7548
3949
5095
3108
4940
3297
3247
6490
710
2660
6231
2583
4613
4147
4865
3023
305
3505
2163
7821
38
1115
4143
4155
4446
3480
6794
7635
2908
1471
8196
5590
9616
7538
8987
7945
141
8885
2642
6115
9008
9206
8909
8496
3982
3234
647
6167
3443
6196
3926
3554
1383
5777
3182
936
6734
707
1261
7729
9972
4059
5281
7707
2100
54
1692
8920
4745
7490
6600
8339
8441
9359
4872
2420
359
3310
4730
6882
5960
1011
5719
165
8315
5308
4117
7639
161
6025
1332
6722
3841
8178
842
7835
4693
7573
8150
2868
9765
3087
9831
176
431
5852
5835
3940
328
6776
1099
9607
3567
5869
1987
514
2654
5733
8681
5744
6073
829
1255
4330
4303
5295
8403
3658
4778
4605
1239
8195
6138
7750
6112
8326
2992
1011
2627
8976
5066
399
2477
8331
9688
9856
7105
6005
2584
7540
6075
6622
643
2355
9532
4898
4245
8894
7833
2522
6487
736
2820
7433
9895
1020
4275
8015
187
3038
9515
9230
3400
7322
2230
8051
8543
2868
6986
1076
9995
1098
1461
1294
9580
9330
7794
8663
2118
4685
6669
2405
7117
1441
3587
4533
916
3146
8286
6314
9420
4523
4505
7440
7640
830
347
1272
9499
9233
4548
8658
6397
1169
9592
5356
74
4027
6368
5746
417
297
5480
2605
1509
8884
499
7527
261
8290
5218
6168
3461
3451
3875
3643
3537
3942
459
7509
7548
3475
3286
4055
5902
4917
4489
9698
133
6429
1621
7023
7743
3065
4207
6586
4474
5119
6545
5323
6532
2231
7626
7994
9856
750
4640
2301
3668
9146
307
8426
459
5937
1519
7853
6684
742
3648
1386
5599
9611
326
5756
3846
8426
7478
7604
9208
7968
8647
4538
6353
8760
1684
9229
3241
844
8702
6116
2441
9444
8166
2716
4870
1939
4804
1410
7922
1440
6184
1474
8592
6891
8466
7294
180
7537
3995
793
4648
6970
5328
5498
6575
7892
8787
7823
3038
5088
3405
5715
5248
4993
224
219
3903
3583
487
6543
9110
8792
3492
5940
7203
4428
8453
6991
5067
3540
6301
2044
9437
7002
796
2759
2229
5344
7994
2956
8699
3032
9715
4046
4428
7889
5971
9124
5592
480
96
8039
8000
6113
3602
6027
7590
5204
5974
8617
2607
6716
7323
8909
6289
4928
8421
3172
3241
42
3860
185
5957
1917
5642
2442
9692
5771
8540
4452
8218
2310
3361
6664
8273
737
3481
9578
5859
5450
985
7306
2230
9549
7054
1792
1274
6241
222
8852
4860
3036
6873
4142
4621
7178
3090
1721
3745
5395
1739
6197
8687
7406
8848
8342
5907
7055
2548
4979
5845
6922
5084
5430
4032
9719
4395
9136
7373
6518
5816
911
7144
4933
5357
8415
7670
9235
9318
6984
482
6162
317
9414
4110
8027
242
3290
9690
580
9770
5138
6205
820
978
6441
3011
148
2273
870
7148
6289
742
5755
7303
2258
9154
2172
9875
3521
455
5339
8531
4474
6541
8812
2250
3970
5487
2783
8330
4766
5954
4878
4590
5338
3588
3487
9108
3523
5915
6381
3991
7199
9044
5629
5789
8388
5160
2838
6672
6392
6034
9787
74
1087
7696
5348
1174
8021
6271
611
8303
9413
6502
5821
3581
6091
4555
6064
2123
4511
1622
6062
4632
376
8464
1112
493
8454
8963
9882
3522
5300
665
7031
8732
2020
3082
1655
9455
2031
9790
4760
3516
6741
573
1840
1456
7917
708
8120
4975
2628
5405
7394
6813
5683
8105
8518
8921
6332
8489
3667
6312
7333
4046
1733
6598
23
540
5161
4509
5719
3393
5830
2689
5562
2969
8942
1815
109
4806
4816
9780
3263
8683
3461
6527
4847
8425
7306
2305
2748
7466
4298
8119
7839
5337
5625
9404
1181
9070
8472
8365
3358
3934
6357
3227
631
7675
9716
6721
5386
3730
3365
8832
9552
1974
3963
785
3571
3192
1761
7149
8429
739
3445
7911
3366
2960
2167
3836
4059
5478
392
1892
4643
3778
3711
6727
1261
7400
6598
7462
1871
4080
3389
1527
693
2092
2709
2382
7549
1409
6331
4625
5332
3152
5968
4495
6979
1380
244
6503
7315
6746
7107
4355
9273
2390
1043
8394
8313
8201
8507
1683
2302
5653
8865
9516
5000
2497
5297
6337
9530
3840
1617
7684
7160
3960
1010
4045
9224
1324
7286
7724
2965
6585
852
123
6857
868
3783
3120
9769
5969
9081
1509
2917
9434
9095
3866
3049
321
2309
3716
6932
3700
8211
1618
7537
7705
9868
9913
3770
9075
4899
6411
3902
5719
8707
8929
6535
7668
8416
1839
4620
426
9469
2276
6422
4515
5665
9314
2702
5405
1885
1530
2248
3890
7117
3878
6330
2188
3694
4095
1216
1103
6371
6162
7191
7770
6336
881
6695
6999
8727
2691
7987
5390
9493
5323
1630
1502
5293
7603
9318
8376
1159
5076
2925
4987
413
4588
6849
1780
1861
4460
1313
6545
8300
3278
9565
6323
1111
8916
1562
4518
7675
9679
6543
2081
5804
9595
6098
9527
4682
506
1295
618
580
6244
8035
8557
6699
9725
7480
6797
254
1614
1377
1424
5444
6736
6090
4248
8461
7554
9006
979
2086
1142
7813
4726
6016
8305
1345
6655
6931
8006
3287
8255
5620
2096
7577
7987
3114
3087
8461
6319
3991
2457
6280
9840
4759
7662
9876
6425
2910
7280
5886
1029
2868
6318
6695
6957
6395
3035
4389
8305
5835
6377
5908
2592
5907
6658
8803
1552
7690
1010
6473
6950
7968
4213
4340
606
9011
73
8798
3463
8855
6846
7631
9739
8219
7599
1547
5350
2309
4348
4873
3414
6701
9359
3228
5099
9469
3422
7437
325
2143
7152
9377
6902
9194
2473
6541
5015
6378
5384
3729
6587
1964
6463
6521
8212
3572
6582
7362
6086
8280
1314
6365
6535
4152
9556
8065
5053
8835
6527
3077
1504
9006
1250
8678
7250
9118
7958
7546
6078
5991
4405
583
1730
5849
1781
1651
4664
2838
5102
5849
4910
1845
4113
3873
7037
6743
9113
525
2128
7344
3635
2908
2960
7504
2393
5118
1930
1596
1252
7219
2599
9805
2165
4928
6724
2331
5078
4457
1443
2137
3836
6769
1763
1430
9458
2086
6712
3222
7265
113
608
7241
5153
7519
5213
3154
7705
4883
7540
7212
3885
2839
5593
3138
9211
2812
3299
4889
6895
1299
265
4888
9454
5762
1188
8247
8713
46
4109
402
726
9110
2515
9688
5626
583
2177
6684
8097
4388
2822
2603
551
4913
7576
1945
7263
9005
200
7329
7572
2949
1151
4338
6989
7773
6909
8920
9383
7911
2410
7489
9208
9313
7640
8438
62
7493
1094
9139
7512
572
2581
2070
5865
5847
2606
5948
871
5118
3346
8127
2402
2129
6236
4286
7183
8189
2293
8788
4694
2211
2457
4152
8391
4078
7852
439
9500
8398
6289
5101
8181
5321
5898
3231
2433
4151
2292
9760
8410
2538
5948
429
1225
1041
4947
1203
7339
2296
5551
5623
523
619
8537
4295
8144
4328
3581
3263
9450
2271
5112
2574
9765
2649
124
8849
5425
7804
8978
2612
6109
4031
3906
6173
492
8937
1291
3735
7694
2284
8667
4920
2058
4510
8687
6617
4449
3052
6521
2027
7264
1012
3526
6335
1073
8495
4396
7420
9792
1872
3958
4175
8412
4871
720
6583
5304
7010
1089
759
2746
2652
3679
7292
2602
1402
5874
858
3662
6768
5218
8930
9544
6487
5800
9351
7596
3674
3475
8089
5319
5744
3187
508
1363
2892
15
3670
770
5505
9601
6723
7582
6596
6039
3465
5512
2161
4236
7049
2909
6940
3196
2547
2368
2931
9175
4299
7740
9105
3624
5235
3899
3650
2093
9443
2874
284
9793
5463
9555
8299
1266
3851
2672
9047
5071
6720
7540
8541
9989
9042
854
6351
7658
5556
1248
1312
7811
6729
1672
6825
5189
6550
2371
5717
7820
8998
5071
1677
2461
9141
2864
5215
7268
2970
9202
3301
3675
1310
3498
3338
8524
5679
6924
8347
8419
5667
8651
7817
8108
9160
2021
9579
1402
7581
9238
4868
2835
8903
1298
373
7354
2363
729
8974
3132
6645
5820
5159
5469
9265
7111
373
5176
3883
4174
4195
3379
4993
8489
7116
5660
7192
8352
7142
5843
3879
9497
2677
9084
2863
6717
6197
1226
2021
4508
5233
7542
1535
9014
7145
6345
8399
9451
1737
8410
1748
9133
2140
5578
6007
5353
5385
5450
3575
9048
2003
1797
9556
9990
3633
7354
3746
3332
7045
4579
4230
9935
7778
2617
2064
3413
5329
70
1633
3587
3447
93
1833
7732
6326
330
6008
6815
806
997
1418
1753
2741
5155
7751
5492
9024
5861
2185
6448
9453
6086
8653
9781
1503
2286
2061
9931
9240
608
4651
5940
2426
9748
9268
2191
7792
6578
2989
5093
1944
561
2846
8546
3724
97
6271
3914
4040
5931
6061
3664
7621
792
1306
6345
9257
2680
1257
3425
3467
5810
5856
7953
9682
3371
2108
5920
1786
9632
8800
7520
1341
8418
3512
1922
8748
5945
1665
7366
9009
4687
6891
4365
7106
653
3572
100
7230
9168
5493
5812
2154
9706
7064
5798
2631
3825
3607
8497
2781
2248
9365
313
102
6259
9091
2691
3942
7486
4495
5170
4654
5298
9308
2428
4229
8453
4667
124
4704
7583
7634
989
9099
3086
2052
5502
7555
1466
3791
7294
7373
1301
4958
5185
8768
2252
5339
8262
9357
5495
5235
2619
9677
5150
7354
2599
7134
7069
4670
4729
7296
8899
3430
7709
5865
4332
3932
5584
7962
9632
1202
7319
656
9539
3263
4592
3727
4522
320
689
7181
2583
8652
6651
6897
6115
3563
3536
7888
2400
6527
6266
8403
68
6286
1582
3974
2922
4488
6020
6715
1751
998
1029
547
3868
652
4438
4525
4329
8352
5367
8946
5717
2215
3592
3300
6768
4904
2178
6727
2280
4710
469
2248
1485
9291
9600
4073
6902
4326
7996
6864
3196
7525
9457
4622
4112
6532
4847
4606
164
2131
6204
9526
7342
6978
9221
4673
6548
7339
4533
186
8993
2678
3003
9435
5747
7331
57
1274
6796
8358
2570
7281
4488
7762
7502
9205
9878
8425
7836
2903
4740
810
211
3994
9907
6886
4757
7074
7601
4030
5005
9779
5106
2878
5409
5859
8581
2825
1451
9552
3661
5719
715
9302
4021
842
7254
9402
5973
7275
5944
3645
8784
7069
1630
79
5120
6077
5404
3645
8571
5546
4569
3325
1907
2168
7887
4631
3510
2706
8713
5856
9832
8198
6161
2266
1612
9692
7114
7373
9329
1008
1052
3610
3702
4256
189
5915
5838
9155
8099
3034
5357
1960
2138
7960
6632
4063
7964
3144
1429
5549
1826
1966
238
8871
3725
5916
743
1412
8746
5638
5705
4742
991
8943
8402
390
6361
8703
8183
5000
1167
3320
8196
768
9319
6811
3229
3712
8921
8436
6551
9627
7779
3728
2986
9859
7390
103
3030
6819
7767
6629
8944
4002
7170
228
4461
672
9010
4120
9001
7526
4521
7524
4818
2817
280
2142
4895
9199
5618
3540
1503
4531
8046
7205
6108
635
1411
2253
7729
7652
2135
9644
8595
8821
3244
469
4707
9685
5005
774
3928
2195
1105
6395
279
3723
3258
6176
6327
6599
2024
6511
872
1074
4362
8695
1544
723
6965
3840
4974
2604
8939
9232
1669
8327
8700
6318
1025
6481
7095
2544
8298
1591
7204
7320
9811
6841
916
5812
6545
2768
7300
9963
5386
2951
7002
360
9910
1876
8438
2645
7834
6101
8219
5990
6935
2629
170
3901
4920
3338
9040
1822
4340
1706
6447
3939
4802
2222
5606
9703
3940
2325
2260
2696
5831
3187
7414
7436
9222
7210
9327
6495
6222
9533
1870
721
2124
3414
1737
5190
2174
3209
6550
9062
18
835
2207
879
2281
1730
9934
3796
6675
6348
1642
9224
2146
492
8638
7927
6354
4335
1081
5344
6904
3065
753
7980
6806
8462
4103
582
3735
5348
7070
6605
9292
8510
9212
559
6831
4209
141
5782
4886
7289
5322
493
9999
2423
3374
4556
6171
8904
6453
5658
4028
2098
4394
9249
6913
6674
3966
4730
5597
5163
3083
7738
9992
5430
9070
6066
476
9082
2961
7222
5829
4385
5290
3697
5995
354
3574
6215
9638
9256
4611
5059
8528
7657
8736
1588
8025
3892
5565
1643
7283
2252
1127
9500
7057
3304
661
1909
6325
222
4649
2788
3040
8299
2804
5536
9556
2788
7656
1113
3530
1530
1513
8929
2798
1411
1137
7075
1441
6674
5573
9020
8035
7111
7872
4215
3932
1370
879
9557
3550
7479
6769
6083
6859
4120
2643
6157
6888
9259
5594
4081
8696
4253
1741
1211
3255
353
592
908
7734
4830
8392
5787
7473
8290
142
2767
4113
9024
3494
9108
6691
7671
2663
9251
3302
2630
3404
5732
9443
4470
5667
4635
5277
9606
9391
2046
5299
3705
7417
1551
4920
9658
7401
8622
4540
8034
9849
855
2893
2062
1999
3682
7459
308
591
8058
9980
6027
214
7142
9369
5952
9925
2485
7244
3566
5122
1078
3262
5444
9320
2439
3483
8335
4588
8609
6598
5157
9534
1703
4567
7984
2381
9072
9144
7962
9037
3592
4647
2169
4597
1558
8511
7682
9952
7316
730
9583
5704
460
2817
6619
1841
2424
4757
5087
1453
9674
5136
9341
9213
6986
9745
8321
6500
578
7200
9354
8533
2943
5833
5187
9538
1699
5294
5103
4478
6847
7425
7124
9229
8763
6073
1431
835
5388
1353
4801
295
3045
6480
6348
306
6669
7229
9526
3910
5159
28
7264
2093
6935
5239
9161
8971
3661
3845
9443
6113
696
8749
1021
9714
8490
5394
5528
7627
9498
4710
2798
4820
9427
4614
1564
8612
7319
7735
5472
4084
3270
8596
9062
5779
8551
9573
9795
812
31
7135
2396
8743
7441
4572
1178
6557
1428
252
8535
2103
2157
491
2566
9097
8133
4080
9263
7664
2206
4718
423
5030
4648
3752
6653
3281
29
6944
3806
6651
3439
7269
5670
7134
7151
239
1461
3371
6929
7650
4171
7896
1599
4167
9536
8812
5064
7960
6790
6680
7958
1948
7750
7749
1770
4365
7022
8642
5802
5868
5732
804
470
2134
7266
3545
2351
6936
9112
3363
2464
2427
8537
557
7100
7163
5211
628
286
7262
4310
77
4782
9671
1952
4607
6271
6158
6172
1785
2604
959
1318
808
6517
9150
2950
9001
8780
685
9000
2598
595
4706
4327
7738
126
2329
5179
6075
8698
7250
2431
3429
5225
5419
8283
4063
5007
8321
9744
6592
3755
6702
1035
631
3121
3594
8956
8504
5033
7944
3690
1145
2013
39
2008
1685
5074
6255
8241
7565
8586
1395
9141
4026
3434
6015
9793
577
6501
4214
9827
581
3694
3765
9429
8686
1534
5838
1704
4799
7918
5347
102
575
681
9494
9142
5838
5773
7351
749
5290
3173
7739
2869
2119
559
8932
4920
6326
5391
3149
8449
7395
3966
1037
2955
8734
1779
4875
6826
5122
1827
2643
8048
5817
8391
7553
6571
276
183
3508
3175
3131
9984
801
1528
5565
5410
3779
5955
3729
7020
9598
8280
4765
1181
6593
9413
2007
740
8416
1948
7321
5071
1524
9159
2537
2456
9354
8995
6370
9663
5991
477
4099
5509
9319
2243
4218
2954
3420
7924
7588
7984
2648
6130
2434
6963
4190
4550
7519
2295
5799
3108
2074
3802
6348
2726
7462
5314
4429
2916
8710
1029
9089
2635
8507
3754
2482
1056
9081
8108
2617
4959
6855
4487
8049
9234
9632
5303
2848
4331
7040
7002
4687
1082
9825
5900
9057
1768
9943
2039
9806
1104
4806
9327
5486
9248
7411
7431
7149
4429
6385
8711
6499
1978
5618
9179
2117
4735
4933
388
6646
6921
3121
4380
1611
9872
5666
1657
7727
204
4091
2530
1600
9332
1347
3948
6693
782
1017
4151
5930
9009
2673
1339
5683
103
6802
7583
2143
439
3531
9946
9712
8488
9613
800
6149
908
8344
2062
5064
6874
8478
4393
1800
1136
1107
8383
583
7966
7862
6993
6585
8000
3026
7048
3123
1912
9704
8966
2948
8777
9723
9417
8086
3609
8540
6792
5370
7614
112
1691
3250
5898
1542
2242
5793
8510
2635
874
524
4504
1976
9661
4382
3542
7350
56
2431
9986
8003
1570
6957
8783
5862
1014
3219
2545
4446
1247
8652
4249
8580
7127
7317
8908
5540
2573
2664
9226
138
7977
4648
4308
493
3616
5690
3737
8041
2116
8177
9898
8994
3852
6889
3217
968
2010
2613
4741
9764
5414
9825
4141
187
6387
5899
8088
7708
5924
1475
2815
3997
9500
7867
7858
8555
3378
2951
5790
4377
700
3582
9009
9881
3158
7685
6300
4846
7622
5124
9012
3237
2105
340
1563
3100
3524
4657
1315
3704
7862
6270
3210
8877
3764
6677
6049
333
8154
4400
4920
9738
9321
6493
5717
4912
3797
7822
5660
6709
8840
9877
8924
5748
8150
9992
8135
8865
1743
168
7806
6553
6513
1493
7469
6042
1035
3318
3145
6095
9847
5277
5061
3098
8568
1252
371
9543
4973
1178
890
8633
801
2882
2049
7124
1663
1113
6078
9047
3793
9006
3058
2858
7831
8595
8541
850
8549
8288
9456
2073
5519
4034
261
5494
6274
1052
8790
5245
8634
2614
6468
5895
6722
7334
7849
2474
5350
6969
136
1488
7886
2522
573
1942
6503
6326
1831
158
1800
4175
1697
1689
5081
169
1246
9668
4611
2661
9301
8055
4137
1515
7007
5708
4358
7631
5445
439
9212
902
7055
8252
5570
238
3569
482
6946
266
5175
2104
8871
9364
2674
1156
5975
882
5243
2402
2860
8092
1451
5911
1117
9793
938
1375
9544
2960
836
726
5408
7996
6577
5573
1185
3110
9235
1968
7870
9190
6786
8064
3967
6598
4826
4309
9909
9695
3297
6596
1826
2698
8702
384
2338
9112
2100
3515
2590
2892
2047
9653
1372
1825
4022
2024
198
9575
8508
2814
1411
3772
2083
6945
8939
5230
488
3482
6821
2725
722
5560
2073
1492
1072
1080
7169
3656
964
6936
3062
295
6265
1742
384
1573
273
2713
292
6980
210
7243
2726
5093
2994
6893
1885
5279
2265
7367
5984
8909
7114
3635
2670
992
4854
9024
3000
1816
6119
7555
8375
6284
9976
6553
2688
3422
4546
2579
5340
6465
3731
4136
4202
3613
5787
6210
6248
9275
3031
9926
6685
2329
7140
1064
1902
7279
6463
4645
85
1354
6975
9574
8986
1637
219
4739
497
6591
4436
5543
1549
1602
4220
8249
59
6349
3202
8613
1798
9261
538
6629
1262
6089
2684
3283
6531
648
9011
5305
3923
8979
9406
6519
7950
1707
8835
2641
6646
1706
8380
9826
656
9946
8730
5226
9553
3920
8539
3459
9768
2844
8338
5719
145
1007
4379
1486
3978
4123
8159
2736
252
5938
2549
5904
9319
6982
414
7499
5909
4766
8827
5241
9049
2832
9047
8523
8254
8615
6532
9627
588
4315
3110
9637
434
1138
9748
5745
8090
2448
3584
6573
7696
5256
7485
4306
2859
6390
6088
6032
2286
3667
6216
8054
1979
3258
2895
1676
7722
124
2561
452
7598
7478
7699
5039
7116
65
9674
1778
7704
4793
1012
8085
2648
6898
932
715
8839
7734
1554
9179
1993
5967
2929
580
366
4599
9087
8740
1960
2978
4302
2508
5367
1626
3696
7603
5247
8727
7728
4042
1546
7675
4560
7794
8828
7655
3891
3226
9840
152
2171
3385
5402
4607
8781
8275
243
1392
3267
2265
8585
1656
8550
8476
898
6577
9175
2877
3836
8634
4586
6600
1668
9221
7520
8707
6557
8589
323
9467
1696
4056
1093
6205
519
6360
9009
8121
9713
5798
2960
1826
2310
5977
3723
4762
9783
2176
8801
1533
6523
760
8224
6227
729
1323
3385
1063
1226
9828
6807
7109
2849
