2626
3324
3300
3565
6175
2836
3308
2224
5664
9525
4524
8738
2598
7903
7922
4364
1292
8211
3032
7444
4022
2687
5424
4284
8418
1347
6732
8993
697
1196
495
4545
4208
2760
5548
4441
4016
3781
5251
1589
9706
6076
6729
1736
2312
2680
8835
3740
3549
6801
4218
6715
4185
3470
2358
2255
3382
5140
5700
7258
5585
7740
6333
6499
9519
7928
3742
3291
6936
5086
4506
8860
6785
85
8263
7100
7353
9355
4949
5676
4490
6010
5255
3554
6517
8866
3896
6890
3340
8460
7489
119
8573
6666
5260
9721
1659
8644
2556
1221
8319
2536
2000
1773
3214
5061
2089
2372
8620
8646
8023
8863
8391
9548
1606
7633
273
4764
8867
3360
6826
5879
9745
8302
4889
7296
2427
5926
4114
9652
558
4368
4951
6479
9987
5680
7540
2936
4855
6889
3379
6175
4754
3888
415
8314
4280
5742
1781
9822
8537
4949
7605
5515
5236
2943
2232
465
9965
5452
9410
8299
9031
1914
9438
1188
7196
9768
6527
3522
7072
5104
5711
2345
1227
1663
7454
6493
867
6781
4863
9907
1951
7196
9689
1405
9779
2121
1302
3337
1063
5228
3947
3609
33
3427
495
5359
553
8319
1570
595
5514
9193
1243
8370
6800
6198
7116
8026
6337
6231
2621
7680
7648
5688
1037
7565
1406
497
1412
9975
4617
5926
7401
3824
5571
7729
3625
7048
4244
6262
3673
6512
5324
460
2886
7683
9581
9221
2072
781
5657
8968
9213
9441
6947
1808
9365
8261
3302
8703
7957
7512
7508
9916
6753
6488
1816
1925
4874
7997
3327
2270
8835
3628
6705
5320
6546
85
5359
1992
1695
7422
5495
8218
6955
7684
6842
4962
4362
1169
2247
4348
9945
8114
3915
9752
6481
5648
8546
9795
5939
1161
5935
6506
7385
6122
9964
1670
8657
5358
7176
9424
8946
2772
3688
8345
6763
4049
6116
3410
4390
1876
9163
238
7884
7462
7759
7877
677
4268
421
7225
8390
7967
2200
643
4940
6686
7219
4475
9498
2370
4454
277
8408
2195
2995
729
6904
8929
8365
8866
7082
3905
798
5863
8336
8772
7081
1123
156
6860
149
8557
6865
8399
7946
4235
3293
4763
4108
2752
9143
5925
3564
9820
4946
7197
302
5920
1129
7348
1871
5066
8366
927
1440
5953
7013
8094
3391
336
3682
5835
1476
1482
7387
8353
9044
7312
3578
8929
8702
9221
9387
6392
7255
7095
6882
1184
5179
8308
8222
7104
9936
6136
9783
9267
633
1091
5630
1453
4495
6887
7440
7728
3786
6067
4645
6161
1732
2576
2364
6882
484
3627
7242
1195
6065
8004
365
7448
9174
4200
6918
9665
7726
9550
5266
8311
8072
8056
7159
6262
5373
1300
2242
482
7054
9866
2245
7571
4723
1436
67
3341
5140
4341
2234
3510
6910
5108
3288
2429
8786
2056
8687
7382
862
6907
4042
3480
3052
3606
6882
4470
2828
1919
2336
6938
7139
676
3915
8297
6638
5373
145
293
3242
4459
8292
985
8127
647
8873
1242
3893
2201
4224
334
5852
3461
4005
4333
9107
6754
4688
1627
2866
9665
9366
5881
8712
9832
6713
1391
3919
9279
5083
1241
150
1443
6533
975
4936
4628
3975
2440
3335
8349
9571
5767
5563
2800
3235
3762
1575
2078
2214
4634
4294
2477
6491
1125
2795
9646
2649
1780
3593
5351
6343
9033
5898
682
2445
2249
5346
6911
989
5432
3746
1864
8107
2819
2672
2520
1688
2763
7928
2609
8741
593
3637
7618
1028
582
3151
2277
341
9668
3511
8635
7903
7236
8966
6627
4691
6236
1257
5321
6484
1134
7704
93
5616
3705
4243
713
2463
6947
285
5475
3363
7261
461
2131
3269
1914
2533
8505
5626
6712
7185
4108
1193
902
3347
980
4177
2477
9364
6461
8401
6997
7017
8876
8695
1994
694
2393
6255
7643
3042
9699
2252
7590
1699
9064
4435
9892
7519
8979
9240
544
7153
7706
6497
5024
9316
3098
9185
6995
104
3976
4450
8836
5322
4628
6733
6190
3197
6138
6328
6717
1492
1001
6560
5309
3799
3112
2703
5518
7895
3400
8850
1796
1396
4426
7188
6841
5917
3035
8347
6610
6902
8044
6849
7078
8344
6647
4261
8568
282
7257
4008
8607
3865
5642
6757
4579
8501
4127
239
7256
3993
6855
6959
1326
3952
9935
4184
9797
791
2588
5036
7768
4814
6916
283
9026
9582
6736
4281
2701
7348
7652
8249
6226
348
1663
6202
8982
6540
161
9884
5268
785
41
8603
6287
799
9506
5201
5284
8249
3999
1861
6653
2205
4371
1155
5480
2047
3127
8407
8130
7412
1515
1364
4969
8224
1961
3955
6659
1860
5253
3984
8036
6620
2193
2514
28
5674
4524
3893
7986
1370
3276
4141
1409
6875
8654
771
36
2146
1342
4804
7969
7418
6154
2747
935
3458
6623
7971
629
5102
2999
2960
6536
1555
6704
4416
3642
6002
242
9610
9683
9953
9868
3768
5078
6535
8624
4916
7568
6660
3668
4111
8672
9585
6372
9135
2369
206
4537
7647
6080
1182
833
7092
595
9651
2088
3156
7221
1796
6808
9600
8628
496
5454
2302
3702
8621
4448
6357
4149
8118
2193
2060
840
649
4239
2790
7253
9579
2291
6182
6299
6624
4427
1447
8950
7078
8403
3861
7272
9485
7262
7685
7166
8077
1859
8061
7662
3998
8153
682
6612
7295
8192
5111
710
4618
9382
391
448
3511
3008
405
7832
2724
3000
7278
236
3620
3787
7162
728
7496
1813
5882
7600
5006
5174
4639
9719
5555
3628
4276
2128
3752
1107
1234
6960
8446
1166
8644
1377
2145
7636
9253
6681
1154
5186
6078
4044
5410
6666
1816
3636
1339
8022
5006
9284
5334
656
2842
7836
9881
5387
4707
9987
6081
4737
9606
3848
7083
6498
8903
5078
4614
4599
2707
3395
3309
9609
2215
9351
3797
9354
2172
3461
9163
7755
4233
5484
7754
720
8714
2671
8833
6845
2729
5827
269
2158
2218
6781
1198
9486
865
2170
8350
851
5736
4701
3062
8403
3588
9357
9776
3063
3079
6065
9927
4190
900
259
5061
2966
3620
1990
8143
2236
4905
1191
5306
8344
8269
6950
3442
7672
1006
6477
7652
6592
2313
2661
9369
8837
39
227
387
2746
4990
963
4324
2164
9223
6888
5442
4810
6750
2518
8937
8174
1830
1539
9219
6937
4548
5221
6766
7616
5939
2747
1624
4971
9854
5463
8245
1952
2390
6554
2102
5341
2373
1767
3220
260
9697
9267
3750
3722
5935
4285
2319
5678
5832
3140
2089
4215
398
3926
5676
8281
7215
2962
1142
6723
9484
1531
847
2618
7552
1076
320
3985
8616
6302
437
4261
5904
6973
6296
2012
5846
8011
5648
8578
1065
7308
2841
9549
7359
8048
7239
8446
1975
5224
8367
1928
6834
313
7759
6069
4223
3008
3085
153
7847
9087
9307
8876
5349
1868
2775
8262
1626
6846
399
1564
4087
3885
6918
9635
6227
179
6093
518
802
3936
7173
3801
1430
3245
5817
7845
7688
3166
1836
859
8402
1717
2211
4761
7820
2214
1691
2906
2919
9738
673
9569
508
7913
9613
7821
5126
4167
1066
7664
2813
289
8094
9451
3188
1243
5650
6724
4380
866
2584
4805
7198
5439
2658
2236
2334
7605
4113
3395
9793
8651
7235
2844
864
2875
733
970
5747
8325
3440
5099
7644
578
3986
3688
5487
1286
1434
7412
6475
9115
5698
9195
9369
4147
3446
8872
6711
8728
3562
8352
8888
6586
875
8251
1978
3666
4387
3180
3711
7131
5120
3224
6182
8939
5570
8091
1261
4782
6323
8021
9325
2178
8867
4697
2372
227
3555
1302
5029
3633
5283
321
8970
6120
3494
4095
7534
2238
6571
2421
5809
368
2314
1828
3386
7879
577
5687
3870
3552
1488
149
8747
5955
5317
1155
1008
8463
3567
938
5536
6345
8652
1799
9701
1425
7401
4672
3135
4938
7605
120
5964
9423
8718
7911
6190
2613
9293
5431
2935
6162
1581
7153
1684
2853
4624
9163
5299
3223
986
3496
2293
5298
2116
952
2868
3272
5797
2061
3680
5968
7704
5529
9947
4975
6686
7136
6787
2319
2822
6699
2683
1473
1014
6160
2261
8029
6681
6894
6354
1379
8872
6440
3474
338
3296
682
1303
9257
6728
3258
9145
908
8817
6407
2413
197
1974
1127
106
6401
8141
2430
7508
6170
942
7665
6962
7153
1652
1737
5142
4139
5490
2939
7603
8467
85
4577
9203
8647
652
899
5257
9852
6469
2549
5180
5981
9773
9918
931
8801
3773
5400
987
4250
7229
3144
5984
4994
2717
2830
1752
4606
9949
4356
5848
6334
8165
6692
1513
3615
9545
7628
5922
6953
889
1524
7818
9828
8614
7598
8372
9880
5651
2411
4029
4940
2482
1130
4834
3184
7551
9588
4664
5109
4469
5563
2239
4478
4371
5392
652
3313
800
9450
8026
2132
2399
4979
4081
9322
4174
5532
2351
2861
5865
7664
7645
3592
2069
6364
2807
5760
4968
2234
8163
506
2632
885
5365
8960
7240
9032
4224
5107
8074
5780
9608
8417
7076
6671
910
8656
2104
7844
1011
6651
8593
5198
2854
2359
1143
2496
8451
5005
3150
4132
6214
3909
5271
9833
4241
1826
8549
7318
841
1742
9541
120
9244
581
6031
2699
6431
7013
912
3365
9102
1119
7046
8806
5298
8477
5532
5826
1306
2315
2634
6355
128
38
3802
508
7314
3652
9614
2441
9949
9932
370
2109
6469
1116
6103
3597
9776
1903
1438
7891
7064
8235
3483
6240
9200
4430
6876
9046
6011
114
5367
2042
3469
7835
7966
9329
3029
5271
1521
2368
7585
6007
3686
6424
5002
5828
3490
4976
8291
867
3194
529
1289
5760
2797
1878
6179
5527
3025
5733
1168
2496
3911
5833
9408
7003
2691
8439
7227
7619
9715
581
5844
5828
1491
3019
3564
4580
8393
6972
9829
2059
1261
5742
5312
9978
2478
8745
747
8803
791
5147
7034
3648
1312
7651
6503
5152
4001
6366
3651
6842
1942
1158
1624
3752
5228
1637
7151
2042
4699
26
1732
2150
5726
4833
8109
9867
3314
4199
1
5714
5903
3150
3914
107
3461
4733
2550
7374
2804
3533
5903
6904
4460
9232
9200
3166
8820
6274
4135
8154
978
1196
1990
6347
9315
9484
6017
8535
9698
7056
1681
1021
432
9458
9255
8933
6861
22
8426
189
6606
3432
5588
8854
9056
8516
348
1186
5194
7757
933
7817
8299
4572
4942
7667
6050
1345
1591
7457
1700
5497
3950
1315
8264
2855
4991
8546
5684
3605
5444
4461
4547
4338
7243
3518
3707
7630
6631
8063
7373
9379
7631
6336
8612
7520
7540
3985
914
9151
2084
4252
4977
5959
5666
2908
9450
3479
6812
3074
1149
870
317
8493
9426
9882
4739
6517
1481
3917
7213
9996
9438
2832
9644
57
9197
4478
3178
177
3294
7718
4134
7894
2938
727
2389
9233
7666
9355
886
5292
1723
1207
2125
2967
1474
958
1513
2961
3147
8346
2744
4468
8213
3172
7334
5116
1913
1165
1977
1919
2215
1952
5124
6096
9085
3066
6602
5803
6172
3005
2511
4136
7083
4236
530
9146
8187
3254
422
5743
7499
2583
180
1524
141
2021
7929
3650
677
1093
9170
7518
1168
8583
3065
7528
6796
7212
7345
2364
6337
4000
1607
8018
1892
9097
4371
6671
4708
8868
5813
3829
4617
4095
124
8618
9926
4160
737
4357
1322
2262
2306
6253
630
7805
9641
5171
9502
8411
9004
8934
9838
5209
2408
6705
8166
1282
6706
8524
503
3236
8814
6559
6125
3377
1327
4181
8358
1796
7364
5056
7858
1704
7540
3434
7246
5813
4303
8323
1491
2448
6200
2763
6251
1973
8015
1525
2232
5408
4582
5300
5781
9749
9018
6959
7839
6339
4542
661
4933
3535
9387
1064
887
3559
3015
1432
1837
4196
565
4970
95
2210
9067
6442
446
7
2109
326
2116
499
8850
2572
5174
1929
6360
1378
77
7144
9917
5296
1526
4950
4792
1698
229
4857
9012
5107
4523
5608
2204
8519
9712
9642
7039
499
9345
5978
6597
4621
5673
6985
9936
1912
5869
3460
6792
8530
9371
4067
5851
5712
6645
753
5254
5184
309
1525
3448
6233
2553
7565
2678
4563
4867
7605
1711
3735
4469
6138
7987
598
2055
4821
9005
253
2031
1159
4753
2343
4236
9714
940
9231
292
2274
7093
7045
8429
6996
5396
9083
1193
3970
536
2813
8477
6689
8479
703
5905
8129
4976
7961
3055
7984
5868
3980
1537
2086
8288
5176
4189
3074
6356
1222
4461
9604
2760
8832
2929
8963
7937
2756
6364
5624
9426
5049
9644
9637
6306
9942
4770
7272
439
941
4080
958
4733
7969
6669
5070
942
2050
373
4341
7111
6126
1578
6405
5270
934
8234
124
2135
7055
7530
5823
1834
5270
4832
7585
433
9239
570
8590
4925
3687
2400
1890
484
9783
6628
8719
4381
409
3554
160
4056
193
2076
8816
28
2716
9405
9396
4281
4268
2585
7303
5642
9806
8106
91
5528
4951
1718
4985
6533
2924
4821
1959
8343
5408
7440
7350
1870
2276
7394
9066
8611
345
6165
9223
2641
2898
8501
4853
9485
1723
3585
7789
1789
813
9952
7608
3691
5570
7617
4195
3701
9022
5050
9596
7921
3159
1968
8721
4934
2430
4765
9547
7219
7038
3640
8068
8155
2969
3391
3171
754
1813
174
7777
873
2942
8209
8490
5862
7707
3259
6353
4290
4592
4978
7693
9000
3144
9495
7466
2535
1655
6156
2271
9357
1448
7310
9058
9036
6512
2864
7163
6552
8483
8638
278
5673
1468
1392
9562
2891
5013
6097
6613
4206
763
5880
2445
4644
2905
5576
2638
5806
1521
6704
6456
8509
8574
6789
5741
4374
1687
1270
6471
4569
9240
4988
2318
9887
3986
1265
6226
1524
5835
2024
544
781
3002
26
1773
8104
3394
4097
5251
9659
1096
5856
3494
2232
9519
2914
2759
6873
3975
6341
7718
401
8054
8955
5040
1248
4006
4298
4471
9722
5108
9110
2927
5035
3635
7637
2535
8996
7244
5936
3893
1353
8792
9681
8158
7660
553
3792
142
5137
1081
1171
7807
3387
7299
4475
6864
9327
6515
1600
5219
8363
7845
2540
9643
9936
6498
5378
4620
3826
9991
6771
141
5845
2943
2097
4879
374
7721
3447
2432
7909
1245
1152
9342
3963
7332
8697
1031
3818
4997
6707
9849
2110
5339
3227
6012
9704
5574
1168
1583
7759
3479
1246
8047
3092
151
8444
4713
562
2738
3504
7631
8543
3590
8470
1313
6828
2356
4846
7347
7090
6452
1475
4300
7051
1257
1221
3083
8346
1149
6670
9726
4587
6470
3026
2958
6876
5924
5373
4051
8573
971
3629
909
4374
2418
9686
7824
4353
9911
9039
1628
9802
2490
3067
405
169
2332
5025
378
4290
9909
9163
8146
9976
3284
2423
754
7055
6253
5316
3234
8579
3963
6501
3751
8504
636
4448
9565
9329
6429
9453
9156
6648
6080
3130
262
8943
9436
1503
8188
5936
945
8604
2697
9840
7106
6815
7066
9767
667
8862
7213
3252
7696
3383
2080
2801
6890
4857
9760
2534
1241
4616
5877
5944
2752
4385
1195
8049
9773
215
9750
7461
9322
4068
1214
8718
5895
1645
3195
9036
6863
4401
7600
6323
6326
2654
2313
1148
7429
3189
8660
8067
7569
8651
5359
5540
9000
8586
1420
9898
7398
471
3860
9392
5199
81
9193
2430
1832
7980
7150
5103
4691
827
3792
3777
8396
8078
9370
2733
1810
9811
2922
4834
2404
6738
1015
4601
3440
661
7125
9790
7220
2093
6154
5715
8181
1512
268
2118
7655
2966
2916
6677
8902
6615
1784
3551
9897
9779
2100
8552
6763
5805
9374
1615
8476
5397
9541
4606
7772
8781
2223
410
6322
3127
9734
1385
4511
9814
5595
9377
6231
9979
4185
6123
7528
6915
2895
7802
9419
389
85
5144
5828
8621
6068
9402
8581
6573
918
1699
1830
2101
7419
8875
445
986
9171
1029
61
40
3651
4970
5508
3816
894
7115
3536
5562
9616
1393
5053
2445
2915
6953
2769
479
4453
1552
4439
2975
5012
2042
4620
3435
9450
7835
6186
6547
8835
5543
4828
8416
2871
9707
4460
5469
6518
8611
6552
6751
9614
4867
9261
1347
5673
6864
3234
5259
8009
9959
3294
4364
4035
1241
7796
7550
2756
3840
8180
2306
1034
3243
79
7402
6288
3459
7359
3935
3799
7838
3286
8969
4644
2342
5810
942
4581
7877
6891
5186
9256
5552
7720
7054
5605
9029
6915
8062
2845
8870
3449
2950
6271
684
5128
7769
9850
7552
3592
7442
8732
5415
8426
5308
9680
9914
7580
3040
1385
1599
4551
7268
535
5556
1923
2661
4472
8813
2969
9948
5076
70
5971
9561
1671
2701
7330
5512
5651
9929
3136
9854
2083
214
722
5888
1139
1158
9511
5932
2518
7906
5581
9988
5221
1601
8168
2524
4930
6019
4547
4736
5019
5181
6242
7264
4865
788
7145
9794
3636
1347
261
5876
5549
2323
8816
4310
3538
1984
1066
7585
685
1202
379
9815
4777
9002
3098
610
769
9760
5247
2659
423
8292
8363
155
7622
2833
9775
2901
3240
9098
1197
426
5641
5197
3706
9426
6981
4176
9437
2276
3812
6445
7691
3939
2201
3066
2850
4246
702
4231
5806
9044
6258
8314
5407
7552
938
3794
4274
5512
7001
7925
3905
1559
8225
5374
9985
2894
4696
1456
3984
1736
5182
5143
9614
4736
8191
7393
4018
8974
3552
6268
44
2312
1859
4532
9644
3954
2437
7710
2768
4705
8705
3341
8841
6638
4024
7286
4946
7696
1530
8323
9594
7013
9611
7803
481
7475
3886
8470
1128
9668
1751
1206
1617
8850
2159
5275
6135
6128
1979
7988
6844
1879
28
734
8454
6912
4790
3406
9498
8375
1891
7440
3972
6856
7326
6458
1100
3195
9088
5426
4165
9458
9061
620
7230
4842
4361
2379
8175
5912
323
5845
5785
4690
821
9685
4162
4465
5014
9123
7565
776
1326
2215
9992
6810
3402
4846
783
7942
5361
8144
5277
2203
1186
884
2120
2712
211
2822
1194
6909
1300
7456
3421
8647
1212
2947
7580
190
9870
9165
9883
7171
4027
5195
7274
801
9920
8086
6425
9545
675
2422
1076
1059
4945
7970
8632
5609
1729
7647
3612
4158
1682
9709
8278
2944
9183
2413
3234
1685
6725
9485
864
828
8951
533
672
5590
986
3670
368
3036
7786
2476
2470
4591
5468
4930
3469
2284
559
1742
8486
8223
1049
637
24
4364
5874
7646
390
9525
1345
8579
905
8087
1361
2689
2447
8844
403
945
2278
6715
2227
1505
6453
8553
9282
1601
2965
3395
5455
2619
6097
3543
4779
800
1217
4586
3569
9256
4173
1694
8844
1380
6474
2272
175
9149
7717
8336
3767
7826
1119
5693
7524
1906
5577
3411
538
2815
9413
5947
4716
6268
667
7673
3698
8216
9063
2301
5230
5927
2309
5556
6600
5750
2082
2837
1643
5667
1420
9254
5241
9003
2744
5672
8124
5306
4482
1205
1602
6647
3691
1079
3328
1910
9613
9083
8163
6726
4579
6324
4715
2117
9774
3081
7986
8032
6094
3430
4838
7492
4505
5293
4299
8917
7697
8663
7145
7447
7076
5252
8460
1941
8954
8382
4060
7302
7034
9973
5535
33
485
1520
6252
1371
1687
5806
4070
2926
232
5977
8091
5473
5239
9929
945
911
2486
6188
2358
8938
8804
4298
7517
8824
1860
2812
8604
8478
4329
7498
20
571
356
8737
3002
3706
6035
8649
8362
3995
2102
1024
6053
7015
1301
843
6314
938
8809
3561
6657
1811
3233
6623
3181
2535
9568
5028
5394
3565
7065
8117
4320
4237
1311
3077
5034
7844
40
4000
8814
7301
8942
9180
6478
213
2703
46
1975
4652
3372
7702
9152
641
2462
3563
8933
5123
1750
8373
6246
1013
2219
4375
9224
2752
3072
7828
4399
7562
3747
6712
2453
4062
2085
5480
437
3395
5933
7157
4817
744
5046
2677
2784
9060
3543
9162
4212
5482
2789
4020
838
7817
6008
6096
4495
9176
9448
7212
6993
7688
7932
1412
6667
665
9225
9216
7333
2830
2200
739
135
1585
39
4723
4174
3325
7688
6629
953
6655
6980
3218
2953
8156
135
1296
5986
1309
3937
4040
5167
6100
2832
5020
3961
8136
9414
2105
6548
6496
9980
4127
5918
5297
7018
2579
3177
5422
8778
435
1206
7062
7253
1586
840
8761
7465
6913
9715
4023
7913
5288
3802
4664
7156
8623
7488
2674
6996
1405
7509
6652
8394
3325
4059
4852
1195
6755
9608
6958
3815
6441
9119
8129
4545
6962
6423
1855
6295
5403
7889
7925
9446
1903
1748
229
9214
5436
7260
3846
160
1646
4571
4801
902
4978
1865
3287
7769
3090
8529
4581
3253
4417
5348
946
8989
1899
1381
5284
8906
7282
2782
4017
7394
8076
723
7287
2318
7832
959
8832
2188
5279
4654
344
1843
5784
7859
9697
6607
446
2252
3308
4166
2807
7595
5578
858
3891
684
3951
9273
9409
6680
2764
3247
1167
5402
8940
4339
299
3024
7126
2862
9961
1222
1477
3607
6162
179
5108
2994
3063
3310
9944
7919
9355
6066
1133
6490
2430
8907
1348
1101
1902
9553
3481
5429
4149
6392
9522
2739
1154
6978
8296
1656
904
2154
4788
4715
9088
1736
2550
4591
6010
9002
7988
3617
9982
1958
6679
7538
4939
3746
8749
444
816
9789
5742
417
360
7341
9017
9231
575
9976
9540
2553
8606
3147
9571
9183
6476
3952
2278
5866
6913
362
453
709
5908
5380
6364
7007
6310
7337
3749
2785
3295
7339
2563
2572
8619
2614
6074
7239
7981
898
3392
2753
1900
8661
542
887
2248
5868
7011
8023
6784
9332
33
1431
7494
9823
658
7323
4437
8059
5065
7905
4874
6102
3908
5520
5193
359
6187
8858
8463
7754
4541
5901
8279
8126
3608
7190
3060
7119
2098
7449
1563
4362
2596
2954
3649
5325
2010
1926
8939
6196
1651
543
9013
6577
2156
5246
5144
9893
1516
3465
3624
4306
6019
6328
2332
8145
1843
9497
7169
8140
1305
80
8178
3879
9553
593
1519
5794
4815
9099
6925
4380
6776
3824
394
8756
3449
574
1585
947
2031
8032
9506
6534
2960
7592
5909
4833
3584
7509
7962
3313
1540
6923
8884
6118
5116
8329
1553
6180
7882
9614
3916
864
2360
7216
3939
5357
3863
9668
3965
2619
7039
2760
1139
9559
7568
5815
2800
3535
8905
5305
1589
8413
65
331
3431
6430
1485
7482
7365
6108
1325
13
2774
5090
7861
2536
3300
4910
1345
6819
2297
1911
5293
1152
5738
5256
7503
8693
3612
7964
6993
2662
9133
6505
8630
816
7966
3127
7562
9651
6270
1556
3233
9233
7222
110
514
1957
7415
7915
1579
1129
7844
837
2114
4456
8832
2255
7978
4949
6907
2006
5869
3830
6608
4310
2232
5243
243
8743
6191
6903
9536
9140
6620
4232
2521
70
2313
1457
6426
9524
3261
5442
217
3417
3852
8912
1251
5566
5745
4832
6657
6959
7155
9612
7580
3610
6676
2914
1764
7456
1851
1752
4567
101
8179
9843
5075
1461
7182
2912
2788
938
3274
168
9553
4177
987
1436
2315
5315
6908
1467
2203
7042
3815
4633
5424
609
9239
5357
166
7601
2202
6116
5814
5095
2156
1764
1523
5006
6755
5544
7027
2294
3706
6163
581
3210
8407
1733
1491
274
8482
8146
7723
2897
6342
651
9504
5025
5501
6393
9667
5997
7836
7615
7788
8039
7858
1032
2439
8424
3813
8619
4290
6290
6652
358
3270
6851
5795
9264
281
4600
4208
8697
6095
5226
5354
6188
1272
780
9233
434
3655
1144
3082
8703
7040
4543
4303
5638
6938
1717
4366
4839
2939
2343
7200
6042
1513
4571
8892
3352
8257
3179
7485
5630
7429
6883
8886
2093
3961
4893
207
6107
2525
1784
2549
7638
5302
5135
8504
6706
9004
6399
5868
8900
5431
9317
982
1677
7138
9147
962
4734
2880
2681
1178
958
2383
9026
7024
6716
3244
8837
8354
4551
1424
4444
1039
2852
9566
4055
3187
1300
9055
7903
5596
8422
2729
5830
5814
9729
6042
3809
3685
9606
8942
7235
5066
618
5006
2368
7422
5158
7248
1631
2638
1539
5307
7369
6035
4945
3569
7398
762
3005
4993
7411
8690
7295
3972
799
7838
7344
3679
6379
5904
5597
2316
3066
3486
2955
744
8569
3411
806
4330
1960
3697
4070
6003
481
7577
9484
4418
8519
7915
1808
1543
9161
4679
5312
5590
7254
1828
2853
4546
5073
9718
2273
4942
2600
9388
8463
4695
7242
3237
6639
2605
2888
3237
257
6340
4684
7284
400
838
7109
5905
1681
1195
977
1995
8595
8249
5095
8478
5085
5695
2987
4788
6471
7634
621
4397
4940
4720
3800
8782
5270
7524
4324
995
8952
4978
7551
4628
5865
5110
5478
3132
4256
1331
3002
6760
2995
4833
2880
9477
1699
441
2369
6618
3606
1612
432
783
100
7313
7985
1763
3527
3993
8999
3974
6270
6100
712
5574
4764
5295
9653
8078
2069
2597
9928
9673
5872
396
3405
8333
3160
5992
9421
6834
5580
1
3126
6533
1107
4237
6272
6411
8074
4347
4327
5408
455
3185
1138
7355
4111
27
6504
987
1350
8697
496
9577
7572
1813
5005
663
5750
7141
8350
89
355
9422
8408
87
4956
696
2020
4609
1978
2331
7218
9026
1605
6274
1202
4757
7778
7493
9204
8937
4071
5975
353
382
7390
1682
1961
7865
8399
1268
6434
9181
1909
8401
3434
3309
7666
3819
6151
3252
4489
2099
2099
5066
8839
1915
2898
3389
9079
5709
5789
6643
9957
730
916
2798
1789
929
1323
8239
4845
4674
8869
550
7663
7481
5868
8492
3612
7982
6805
2656
4054
1868
7552
3085
354
50
6016
7390
525
2122
7691
1996
9970
4315
4310
2668
6434
3151
7523
8150
592
9815
5758
2363
2885
2123
3170
3943
9688
4599
1176
5852
892
3028
1754
5977
8719
8291
6137
156
8564
4457
4949
398
353
2439
3819
8714
6532
5821
1413
5585
9865
8902
3496
7399
7169
4929
4882
4004
6127
846
6255
8099
4772
7360
6199
7637
5403
8668
7016
2435
6331
3580
6990
5726
171
5510
6183
7240
1360
6245
7693
1137
9236
9001
7818
6587
2316
4699
9810
339
5690
2762
9830
2505
9122
5958
7571
4590
2794
2400
7365
1118
1200
8128
2510
6891
6496
5366
3535
6301
315
6532
3754
7341
200
9225
8254
714
9749
3246
5561
2098
2841
8294
6248
8343
9559
6657
8285
6633
7990
530
8044
3637
3451
1603
9857
3154
7830
7767
8558
4880
9198
1988
312
5874
3828
2864
9278
5179
6040
3762
7051
298
2026
7614
9845
9048
9712
7297
8578
5939
3811
2440
3848
1699
1279
9454
4490
545
5171
334
1960
8433
4683
1622
1158
2466
9014
3821
1795
4510
260
8110
7833
354
4323
2928
9158
8922
347
8681
2188
5306
9258
4820
2479
3683
2627
8703
4056
6363
3054
3704
6241
2075
2972
4446
6116
5822
7355
4331
9771
2261
646
8828
8294
5587
1226
6459
9021
7149
358
2829
2405
4382
5817
4032
2194
7196
3042
475
5344
8795
2591
5559
2246
3319
8289
1282
7717
1498
8766
9280
9291
8450
5247
2855
2488
3705
7968
8314
396
2019
4765
5655
2323
3999
9091
9359
6947
6252
3572
284
1028
5473
7625
4275
6973
849
4585
1358
8647
5151
7357
2702
3636
9625
4597
6591
9605
1391
7927
1517
6488
7874
3997
5024
690
4088
3599
3728
9583
5970
294
1004
8440
1952
9371
9686
239
4917
3033
2824
9659
7332
6698
3866
3904
7691
9860
3798
1775
1270
4425
9461
804
8868
9189
2204
498
9577
7769
2807
2545
7552
6892
9697
6463
1137
4844
3049
2337
4961
3177
7160
2271
1366
3049
3840
472
3683
631
8409
2534
9797
9889
9837
4361
4638
2139
498
2465
4407
6887
734
4270
8407
4218
2624
7917
5958
5067
813
4779
4299
3711
7051
185
4445
9639
9020
5416
5959
7774
6306
8154
9775
3223
430
163
4963
5006
4340
2234
208
7912
4996
6393
2098
1299
334
3678
4735
2003
4075
8694
1166
1404
8418
1380
1540
9201
7551
9687
9232
1857
5644
180
6399
1140
7779
492
8245
3937
1242
8141
7955
7508
5440
6374
5378
5034
217
7239
5665
9417
7923
9839
2967
7386
9453
1483
9286
823
8124
5643
4898
7285
4574
1003
81
2820
5070
9710
2776
303
9905
5586
230
850
1905
6917
9345
7343
278
61
7098
8744
8345
3856
2663
5662
8119
9610
5745
7476
7170
7022
1129
5411
4513
7837
8290
8450
1678
5345
5378
8609
5561
7594
4592
2816
3803
6125
10
9056
8279
145
7562
2057
8556
2346
3991
5837
926
217
1335
70
8602
2345
9913
7809
2771
7156
6421
822
7974
5417
2928
787
3776
1377
1692
5736
6851
4605
9760
8385
5497
6036
5966
3426
6361
7554
2667
9374
7818
8854
2873
9256
9154
2406
3082
9898
66
6438
8244
6614
9930
8290
5730
2710
4712
5675
2661
9798
3274
2619
427
7677
1946
6703
4384
2510
6833
3082
7666
2366
7306
9339
9807
3426
7203
4166
17
5215
2743
8299
9231
6675
7236
8443
3498
7830
6666
2535
4258
5983
3116
829
7724
3216
2031
6653
4779
2156
291
5118
7199
434
4285
2225
9979
1607
4426
6596
6992
9733
5727
424
6482
5009
4276
5116
9740
1254
2348
9897
6700
7499
3404
4171
9844
966
5223
9043
3818
1873
4815
2636
3038
2546
7107
118
1830
5421
7986
406
9691
2335
486
5108
3601
9271
8098
3193
2318
1834
1887
5775
8617
5766
8114
3533
7698
5175
3065
2830
7829
3714
2354
6785
1617
7904
2278
3017
8250
396
8990
1099
5157
1565
5621
8634
3042
9935
2962
1246
3624
7240
830
8172
7113
2710
1514
3007
3087
6516
2651
974
4234
3586
9717
9243
15
7798
316
4255
5659
5255
7329
709
685
3052
3441
2668
3475
6159
3609
2570
9074
784
28
5253
7324
7568
8195
4350
8650
4743
520
9437
258
4485
5745
8883
4730
8573
7688
2090
25
5304
1765
8424
2188
5315
6721
8489
6746
5107
1899
1867
9219
553
2392
848
6194
5893
667
9104
9487
8566
2062
8781
6738
6009
5027
5595
856
3793
9219
6096
3239
5899
6253
9654
4939
138
2767
7937
9213
6953
7995
8009
4773
8696
6358
1122
8418
3098
7595
4520
7625
1608
5975
9595
4089
5912
3461
1838
201
4227
7706
6135
8756
8851
9597
7067
1808
3365
954
3595
3097
3335
8100
1227
2913
6754
6132
203
2201
2156
2966
1217
6931
4223
372
9777
3350
5481
4800
4195
4528
989
3702
784
2037
1597
4652
519
3262
5394
3621
3315
2990
6720
8396
1306
4156
9383
7128
8181
2286
3503
7528
9768
2051
285
8844
2119
3841
3084
5799
3073
8515
9170
2379
5930
1660
8712
6612
8005
5502
1919
6809
1497
7555
5696
3359
8005
3340
8113
4372
4228
4169
8314
7232
4951
8499
9879
6967
3700
6150
8355
2922
7335
6638
2421
6852
4058
4537
6455
5215
4541
3860
9853
8628
2084
9227
9816
2391
7064
4980
5423
9279
277
1613
7857
5648
2740
84
4996
8259
3501
9008
5623
1475
652
3807
5102
3848
4251
2611
7642
2719
2705
3137
5333
6044
5629
2518
8636
8243
6140
6694
3090
6495
9460
3776
6506
3654
7462
6979
181
8823
7149
8355
8095
8423
7110
4886
4893
2665
6372
1122
4563
9946
9391
5414
5425
8311
4238
484
1154
2463
2720
582
4212
3188
5903
1890
2841
974
8214
8490
4592
6823
1311
2079
9569
5715
6771
8617
4297
4297
3175
4156
8857
4910
6402
270
89
665
4467
2500
9952
2907
1610
9346
8631
9788
4608
4391
6719
7386
8903
1237
6486
8662
6221
8907
9030
3079
4677
8276
7836
599
2493
292
7911
2860
1113
9111
2095
1985
1641
8952
9833
4543
6877
499
3029
1551
7701
7308
728
8907
8715
9440
7232
9188
3327
6680
7175
4224
1492
3906
141
4092
7247
4597
2541
6893
6346
6875
6235
1063
4931
627
1598
5056
3173
3025
2991
6652
6603
5333
8894
6479
9086
5754
8192
8833
4223
3713
6619
6677
8266
5785
5662
5529
5768
7002
2922
4343
5543
6978
6186
6630
8917
7744
1051
3797
4589
759
4016
6545
9989
4999
8768
9544
7103
858
262
8949
6324
1758
6208
7243
1408
1627
5701
9684
4531
9273
5157
3549
4977
4220
5710
9608
3686
1115
8855
3137
5466
9262
9325
1823
8352
6695
7150
1583
3662
573
422
9267
6482
6154
5628
6018
1015
3690
951
5342
8747
9019
8986
9536
9354
8973
458
4878
4441
5675
3303
8051
9178
5778
6941
8667
8650
8414
8595
653
7168
8203
8561
4766
2670
8244
4995
3997
1397
9086
1460
2611
3254
6598
8045
5475
2265
1626
623
7770
5114
3158
7412
7579
8587
8660
3814
2187
149
9734
3024
3668
3437
5274
3925
3066
9081
4000
2184
432
5069
883
7321
8529
6968
8629
3049
9992
6315
4905
6185
6101
4280
4211
6936
850
2864
8017
1975
6071
914
3767
5167
2552
9767
2620
3014
8954
3018
9783
5008
8641
7331
121
532
7447
9345
979
1226
9890
5376
4861
7987
7840
6974
3284
3426
986
6161
9484
5585
2166
3526
9380
1048
5086
9232
8150
5515
1327
7664
8921
2430
6582
5837
9805
6762
6690
1849
6563
1501
8069
4047
6142
4614
3291
8841
9767
8367
9235
3971
9901
5041
8334
6666
9397
4603
7907
7676
3791
3985
5147
6726
5580
1690
2371
6311
8376
7307
9099
455
2958
9459
4032
9132
4937
9610
5789
8439
1978
4664
2502
7283
7547
9842
8949
2220
3338
7151
1334
1692
1738
6064
2458
2214
6981
1666
1643
7471
8163
8250
3703
5676
3943
6719
4516
736
2482
883
9700
6399
175
5675
8865
3994
6315
8913
270
8158
4031
814
5184
6327
9586
5627
3715
5898
7272
4354
8125
5905
444
5981
9402
3445
8515
6915
3098
4965
3962
4656
7759
6213
9294
8336
7911
1521
6758
5465
146
6939
2815
640
1685
4603
7433
4041
9540
8903
301
5979
9819
6636
8950
7843
3046
9551
9147
4279
2066
9877
3932
4778
3039
3624
3992
1510
830
3363
6757
972
944
7981
4190
9451
9636
9492
7593
9840
5007
721
5896
3105
3040
8855
6636
9160
4046
6821
2563
9082
8712
8767
855
5083
8098
6445
6349
2908
4822
9505
9680
3364
6049
5484
4983
5492
3946
6652
5442
4035
937
5680
3150
3581
5414
4129
8195
9230
7981
2467
1632
8801
9600
6934
2025
2778
8506
5210
7250
6017
3928
5082
2320
2723
4126
6499
2193
7768
5435
1559
1101
757
9563
943
5400
5884
3644
3761
1740
155
2655
7008
545
8258
380
8692
3711
5322
5937
1575
2765
5882
8676
6838
3412
4961
5773
1232
3843
2044
4916
1507
543
5886
7832
5362
2571
3661
4595
7515
947
2763
3905
4704
2487
9501
4654
3819
1090
8225
3069
6276
6687
8645
5652
1619
5032
5891
278
4066
5097
9469
8486
3228
5852
4288
1656
7278
6598
9881
261
1756
6853
8196
9876
1717
5535
494
4550
3893
7841
901
3971
6015
4960
5206
8184
9699
6793
2174
5182
2585
3049
2892
2084
7123
8401
9238
691
4941
4858
2208
5455
1047
502
7760
417
8023
46
7474
8457
4814
4624
4397
4838
7059
9278
1543
4079
8185
9018
969
4292
9281
6293
8536
4373
5909
6807
8584
1416
328
487
2237
2445
1971
5689
3612
4438
8344
7839
8648
8106
1389
7218
2047
9927
6700
5587
5045
9260
8603
5794
323
6168
1127
7108
3055
5175
7918
7568
1122
3458
9373
1620
4987
9732
2357
7080
4170
661
5663
972
8597
6622
2510
3339
2550
8517
4923
713
6056
1846
7999
2590
1623
644
6381
4984
4598
4142
9985
1672
7657
8316
3828
2850
9251
2978
3425
89
6556
1586
1398
4484
2779
7283
4826
2986
1747
4496
9109
1198
9279
813
5975
4918
7513
3066
566
3508
9081
1740
3951
9613
7524
9250
8094
6743
3378
8465
6053
5724
1375
4539
8002
5708
933
9205
8549
9445
2591
5042
2210
5814
8499
1173
8544
2655
4200
1611
3712
5608
6649
3779
2485
4524
7720
762
3632
2059
8505
3531
907
4400
5036
8355
3009
9955
5229
5823
1197
6080
7791
1872
6878
6420
7947
2787
7079
6557
5186
5324
5064
8155
7213
2111
2740
3849
9823
3362
4215
5924
7799
7869
7717
4823
4466
4611
7465
1615
2016
8154
5369
246
2116
3693
8714
7022
5831
4926
7331
3409
7260
1157
4982
1773
3921
2070
4786
2056
8379
4
2814
9521
1557
3119
887
6997
2656
5881
6562
4304
8379
8631
2943
9810
7650
2424
2235
4487
4060
9046
6090
4747
9159
4876
6483
6916
7909
6493
7907
7184
2188
5500
2772
8974
9092
3172
2366
2137
4237
7215
4843
5453
4632
7929
6042
6395
8206
6562
1508
5561
1246
2627
7638
24
4359
4027
5007
425
169
8069
2124
2834
9625
4869
466
4427
2436
4970
7694
7895
6365
2240
8676
9252
8275
1114
6859
5947
1046
5268
2593
5429
1238
9870
4600
1877
440
6540
3495
5831
4667
2121
6733
8634
9793
9153
5523
9536
7322
1025
2895
1928
3660
4834
7922
4227
2444
5309
7223
5577
7142
3708
2609
3404
6039
6804
9428
9804
726
6951
9500
3885
1147
1438
5924
612
6036
777
8079
4286
3128
9684
4524
1594
2818
7839
7452
1281
2420
649
3147
4283
8119
5191
4480
5239
6196
9301
1745
838
2294
6940
6080
6507
6090
2626
216
5147
5409
6489
8280
5992
4758
4718
4517
2308
1516
5174
3440
585
8053
6472
811
1963
4919
9100
3295
8869
1813
3361
256
9453
9466
4309
5722
6545
7044
7020
3511
8230
3218
3346
5306
7244
8825
7104
9050
4102
2383
9991
1006
2297
1655
9150
1245
2166
7373
122
5783
7812
6239
5192
1788
856
7932
3163
4319
310
4391
1641
8541
2133
8037
2980
6934
735
1071
6904
631
4121
8653
8636
7359
9144
6358
5979
7166
5530
592
7821
2639
5109
1574
3807
1739
7113
2032
5136
6950
5713
1607
977
9486
9579
3355
5809
4029
6462
5050
9403
6350
3747
9889
677
6324
8237
7229
2111
5344
9372
5366
407
2354
903
2738
4855
2233
51
8380
6781
1983
2259
7199
6422
3381
2178
460
7682
67
697
7200
7472
8019
1359
1881
2967
6499
178
606
1189
7562
1731
1238
9041
4626
3158
3782
3375
7203
2185
7712
2536
6507
8847
7287
2792
3854
3558
7421
540
1024
8401
365
9073
2851
6758
777
9157
5528
3160
1125
8897
1972
3881
8357
7458
1712
21
3046
9074
3411
7617
6153
2946
4190
3975
3367
9634
7985
6777
4475
5868
2036
3838
4343
8856
5062
8699
8755
4247
3557
6247
492
2849
9191
9313
690
1882
3731
7796
3857
8973
6887
6571
4628
3458
2642
4812
8051
7672
6801
9539
5946
624
1772
247
7478
7943
3711
3541
2329
5077
1793
4676
4665
3280
9450
4102
4522
9687
5813
2130
835
5511
4391
7381
7207
1158
778
4231
380
5035
4161
6140
9680
2091
87
7278
2843
9991
5488
5386
1134
9245
192
5200
5400
7750
9156
330
8962
7119
6683
6467
7696
6394
3434
9370
7170
1846
9684
8987
6
2949
6721
9067
784
4263
6969
1900
9943
9603
6439
681
4140
8915
4957
3305
2268
6661
39
4078
3083
510
501
4790
4843
7233
9502
2780
5979
9448
7604
8243
8041
2367
8444
9892
6125
9333
7835
1938
3435
4138
3369
427
3954
3690
8922
5956
8263
968
2885
1985
6408
6455
9267
5510
9891
2577
8764
9569
2278
6707
1213
220
7872
3553
7351
9644
1976
5394
5697
3711
7862
7157
9402
6613
805
5729
7888
5139
3878
7112
8593
5759
1245
8859
9884
9651
5730
9221
7161
1424
2057
4414
1094
3681
4053
3351
5861
7119
1982
1345
1152
141
5672
8888
1184
6655
6239
9863
243
7868
1134
1208
1487
6619
5500
1694
8231
589
2449
9579
1061
7138
9872
2325
490
5014
3325
2065
4517
3520
1497
4445
2408
3511
9109
3857
7701
7373
6558
2418
7437
5261
4604
9569
5859
6466
8546
6584
9410
4499
7908
1763
4596
1363
909
1992
8534
6724
2946
9480
451
6315
7623
2562
9495
7
6942
7419
2736
5062
7896
6325
5381
1749
4371
6332
23
6139
8144
5765
6485
556
8332
4572
3971
8033
1085
366
6832
6658
8018
9750
8848
1967
7013
8511
1727
692
1842
4632
384
2058
4712
2187
9077
5147
8842
9757
2411
2669
1869
1057
9619
2077
206
341
8474
9983
5136
3481
2880
9531
5639
7005
5982
5877
4541
7740
987
6294
6752
6864
7903
1874
2750
7375
976
4321
2688
8137
5269
4775
916
5558
5154
3774
7903
8969
6802
7745
1238
9285
6257
1180
4698
4262
7017
9448
6462
3968
245
5584
2943
1129
4085
8694
7189
1379
4018
3766
3237
1164
504
7484
7850
8019
3842
126
4770
4137
4794
1129
3110
7308
2969
1996
8209
8771
3702
194
2248
6526
3100
8802
1642
2188
4311
1602
9748
9026
5867
7670
3991
8812
4211
4950
2885
4752
6399
6417
6563
3990
2622
258
8764
2916
3214
7634
852
8811
961
8914
3372
4425
3826
6087
137
7024
6366
3504
7430
2406
5083
5451
2222
7885
1043
7830
2232
6762
3227
6698
1949
8587
4079
4949
310
6260
1144
4437
2383
6874
1063
5142
2514
3533
438
5985
1972
901
2591
3844
2377
6804
7115
3567
4592
7356
9428
1553
9822
4240
4409
6445
3729
7239
1408
4907
1707
6687
4757
1715
7062
5033
1930
9165
5493
6717
7113
3175
2967
269
4564
3306
1555
7343
9868
4420
8459
9201
4067
2914
4375
3296
6340
6664
6141
1185
3823
3645
31
3932
3187
5643
4600
7083
2010
5479
8618
239
2615
7077
3022
2462
4878
6721
7767
7235
2126
1193
1531
3683
2263
6643
8986
4414
7749
9554
4239
8743
6950
5114
9236
7692
3904
2040
8018
5520
3003
7140
5904
7168
7022
2701
8843
5782
8888
600
5524
8092
2964
8105
9577
5517
7721
1677
7425
1947
5653
4373
6243
8801
8620
1481
657
9346
48
9937
7215
693
9326
5361
3491
5267
3137
1717
9048
8739
9891
5826
8207
2581
3997
7305
9527
3488
8634
8880
3169
2773
8412
9637
176
5050
7239
3701
2959
5103
933
2576
5240
4437
659
5079
2773
2380
9435
8863
7300
6353
1349
7953
3212
8535
2547
7490
9476
4867
9736
7674
1800
6894
8499
4895
6288
5357
6372
2882
6824
5419
4133
4159
4331
4700
8977
4345
5880
7676
6197
1261
903
554
3534
8357
9729
1662
3956
9537
3847
5300
5756
1009
7634
9196
8356
887
6315
8936
4662
1820
483
8025
4809
7535
4925
7354
8145
2122
7055
1836
7077
9508
8956
7621
3422
5673
7983
527
2329
1195
8147
7828
575
9558
8833
3290
8889
2719
1901
6455
7906
4331
4852
4405
471
9922
7225
9385
7427
2561
6771
1816
5748
1715
3481
4298
4603
6425
8522
6813
9091
295
2322
9884
2725
3700
4843
5393
592
7643
5313
4417
5278
1082
5837
8561
9481
4800
5593
5362
3370
9634
2556
5780
4773
1431
2134
4320
7609
328
1162
2866
5991
5776
5518
6812
2102
1132
2703
1650
6333
9487
1182
209
7921
5876
4261
1143
3415
259
1286
755
1086
8790
7984
9059
6350
5347
4573
5231
44
6634
1371
7364
7526
563
4184
3357
7285
4373
8060
7373
8893
74
5590
5949
255
4018
3752
5648
1242
6274
2160
479
9398
5126
5153
2198
2477
1610
4338
24
4851
2465
7124
9916
4389
4789
1453
8126
4876
294
8483
1930
2686
9554
8437
8058
4084
2310
1312
9828
7251
1831
4396
2691
3370
3669
1036
2747
7048
5880
649
5975
8963
9855
3618
4799
2569
3255
7133
3002
5564
4715
9008
5485
7736
4060
8837
5234
4211
9750
4477
8252
4220
5990
5799
2108
6011
3171
7813
4644
5191
9172
3657
1171
2337
7759
1784
9192
1308
7048
2321
7456
3811
3455
5672
8069
1982
4067
2484
4801
3057
4514
1310
1313
9425
2856
385
6617
9565
8077
4890
2321
7052
1935
4456
4322
2066
1314
4060
6048
4058
7149
9277
1944
5009
4736
8862
7082
173
4091
5315
900
403
4055
8080
9389
267
7983
9292
2453
5103
9187
4122
6965
6160
5638
3819
3385
1773
7334
6365
399
6075
953
1614
3564
5170
4943
5042
7304
4801
3274
8042
7796
5454
4845
4902
5213
5064
1061
6719
3530
9454
8999
519
840
4053
5186
8926
4122
8811
8406
1063
7413
3571
4557
416
3307
5153
6982
4763
1379
2599
2750
513
8000
7551
1475
8492
4627
8433
6565
5659
1450
9819
5256
4670
3555
2751
4503
1827
1492
2614
3838
9400
1665
981
2666
3133
3555
5043
9766
9632
6435
4209
8648
2769
9529
9080
6615
8489
518
543
8728
4151
7850
9045
7392
596
6177
1814
8836
1854
1114
1274
5746
2179
5361
4594
6608
7310
3430
5657
2791
473
848
4358
9573
3362
1840
2045
1490
9667
5757
7165
7179
6445
2569
8807
8522
7024
3220
3293
1648
5690
8337
3659
9846
8107
6780
8031
8227
9787
9319
3837
6339
7351
8315
1564
3359
3925
930
5974
5306
4989
3534
7632
5515
9372
7151
142
1767
2290
7868
4297
8607
1482
1559
2216
8712
318
3061
4566
2209
2728
9715
3466
8759
3623
8833
496
2731
6491
5204
4763
1283
7164
3598
4238
8387
507
4007
3902
3100
1629
5629
3483
3800
1205
9807
1040
941
5122
306
3317
563
5357
301
1228
636
3325
5802
1513
4288
6216
1695
5629
411
4901
7793
951
9763
3514
3459
5672
3659
3466
3161
2632
2473
4843
4803
7820
4754
5453
8907
9506
3641
80
7174
2023
1803
9627
4880
1447
9338
4369
8486
8669
7112
2842
897
8546
7944
4704
1337
6490
6151
7030
8689
7980
9105
7445
762
9134
4213
7228
2267
5019
1586
5715
751
3929
7777
8139
1780
421
8146
9460
5877
3941
9818
9480
4957
4045
3215
5478
6636
7408
5029
387
7082
3929
6585
5011
9787
5013
7264
4050
541
9359
7623
1022
9955
6788
7547
4180
2478
6354
3388
2843
60
7087
9076
4176
9575
3529
9427
3887
9883
5281
518
3513
4647
714
9999
3828
8342
5075
3914
2653
7755
1266
4150
8569
8097
7768
9171
6839
9726
618
4864
3981
3369
6031
9532
2651
6272
1523
3246
3577
8461
5711
7329
1274
9453
765
7629
9373
6701
2687
4943
266
9747
3493
2987
932
4307
6390
4372
9461
4503
161
4716
7745
5288
1176
657
4541
7142
8686
7523
6132
5083
5700
3361
1770
5432
631
6320
5515
9703
479
7090
6630
4573
1788
3506
6814
3030
2020
5922
515
7060
6675
288
4031
6618
6604
5741
7472
4298
5702
4451
3345
7519
3430
1634
7311
63
8647
3305
3644
446
6872
9260
3571
4828
8103
5210
8749
4696
2887
460
8726
9098
8266
8549
3851
5444
7562
3800
8702
8183
2459
2465
6614
5682
7439
725
562
9167
4640
4243
8632
5400
7633
2109
5445
6274
1953
4868
4768
2699
4659
5970
8071
3285
301
7719
93
4395
4128
1442
4157
11
3277
2593
1361
4131
4468
5572
4761
4590
1795
538
6761
4604
9845
7766
6338
2280
9442
8555
987
975
6222
2954
9972
467
3006
3951
3301
7004
1881
6150
4749
4622
5552
129
6348
2737
7154
1630
1539
1355
5676
2635
4508
3091
7301
2611
9979
7414
1526
1389
9860
3859
4645
6444
9647
1214
7904
9658
787
9017
861
386
6092
3910
9604
949
7458
1755
2552
6609
589
328
5982
6237
9326
1679
198
9865
2706
741
857
3459
7475
1141
2297
3719
8473
3511
6310
9710
6004
1940
1524
1271
1423
1323
5534
7103
336
3631
2313
5722
2213
6724
9327
8757
8620
4358
4129
9428
7057
953
2612
168
7807
5371
2381
9216
4363
6899
606
1406
3191
8194
5284
3991
5252
2398
9848
5542
3632
5200
2951
817
6020
7628
1629
6504
5700
234
3856
7702
9937
8484
2
2982
9075
996
7777
5429
2216
5212
7492
6455
215
7917
8601
880
9246
4875
7166
6142
3
1266
2405
3832
6293
3765
5755
3289
7927
2938
3752
1572
9186
3334
6528
7070
4875
2541
4687
5725
4346
3356
2192
309
559
5846
7464
3976
1511
7324
9722
2220
826
9897
8340
7317
9058
3920
9805
4601
3967
1176
7123
7477
48
9326
1385
8488
4509
9302
2904
4354
9467
3274
6658
1060
2840
8909
438
8224
9060
5376
4760
7591
7216
3594
8998
9434
9567
1557
7106
4250
3505
1328
7848
3465
8838
4144
729
703
3219
6323
4110
4177
450
3399
7415
209
4209
1446
7374
4995
3230
6586
6719
6340
916
5779
6457
4566
3769
2696
1518
5404
8334
6904
1344
9659
5274
4268
6743
8336
4553
6714
5601
9055
7197
4224
5836
3521
1192
6083
5363
693
9682
9770
5451
2294
9058
1487
6607
471
3752
4465
3291
9018
6305
861
6387
255
3721
4155
6485
6017
7058
8639
7602
1650
3181
8857
6980
3618
8325
4883
6465
8334
3293
5448
8744
4697
3178
790
6920
8614
6594
4605
6818
3737
2151
8004
2763
3504
8146
9996
339
4903
2743
6965
6246
347
5138
1232
3007
1644
1849
8440
2238
4911
4079
9094
5855
4722
7781
2697
4337
5617
8928
6156
664
80
5293
342
3538
359
7826
134
3242
7210
4537
8643
3384
5469
3033
5728
2883
8535
8871
7691
3384
3452
5186
359
6289
7540
9762
5827
2642
6712
7995
4961
6168
1652
5739
2601
5416
6392
1162
3293
1539
4300
8539
3556
1150
1551
2970
797
5834
8866
7251
292
2340
2111
9058
7352
3787
5122
4593
4422
4221
1744
207
288
4629
4647
2907
4808
2205
8511
4281
2692
2506
7259
7259
6883
4362
694
4117
5501
2341
2110
9598
539
3838
2364
7532
6533
192
7101
2042
8493
3648
7033
7809
3677
4033
3465
8566
37
5158
1065
6151
828
7675
1083
3284
7577
376
133
6263
6434
3665
8671
8338
765
4698
9631
8705
4952
6518
7722
709
9940
8594
2775
6845
6493
448
31
1822
2568
7695
3695
6100
2374
3070
1376
7407
8931
2773
5726
8804
4225
610
9192
3365
1739
2367
8621
574
2550
6769
8816
844
5336
8850
6069
6483
8639
4161
1277
9421
4577
1821
4117
271
2051
7369
6547
6152
3645
192
3571
2564
1330
8098
5039
4083
9253
3939
7091
4358
3317
5729
7397
7628
2535
5921
1418
2621
7493
7630
6626
3030
8533
6125
1924
2133
270
6453
7733
1732
9053
3028
2037
6086
6294
8699
8029
5691
3271
7430
6382
7875
7304
3099
2609
7320
6416
9249
8759
8734
6727
2332
2804
377
9359
6380
8918
5977
4314
104
6408
2656
4454
3238
2825
5708
2694
8350
5569
6258
6393
5113
9452
5447
7164
9952
8026
1636
6190
5133
2956
3094
5387
8278
2720
2191
1869
3597
3385
628
6236
363
1575
5389
2997
7683
751
4763
7001
2626
5833
4256
8146
4091
6584
9528
2131
8264
694
8814
1493
5485
9295
2394
8802
6797
6909
2819
9123
1285
9665
5048
1820
3404
8194
3183
6215
1134
3409
5739
3211
2342
7806
2253
6425
3951
6326
5694
2821
5900
7764
6782
1628
8529
9517
1420
6557
5691
3505
8963
5796
5054
2800
7442
8172
5638
7915
4968
5386
6806
5768
9434
3728
8143
9248
5645
2253
4637
7145
4595
2084
2473
7427
582
8251
6533
3556
5620
2362
568
5234
17
6539
6479
178
8123
8204
3428
1870
2959
6612
4124
8999
9665
6090
914
71
1813
1809
1268
8536
206
3152
8926
8869
4813
6747
1017
5436
6903
6383
4587
7842
9783
6755
8776
2187
4071
3409
1767
5851
1612
7017
4251
3010
3982
2772
7551
7701
7628
6571
8899
9724
5311
4321
7000
8077
6081
4062
6984
9469
4372
655
8823
8415
3416
22
5319
5776
1636
1648
9306
6896
5892
3345
3706
6245
4087
8577
3187
3747
4459
7306
1376
6405
1303
4998
6459
7309
5304
1662
3698
6929
4104
7294
23
1907
1524
886
397
1328
1122
7152
990
7494
4403
7817
2039
6688
9996
9410
5776
183
4423
1847
9522
7841
5593
3904
2090
1027
1899
365
3921
9428
7226
1703
6207
3982
4642
2975
9080
7942
6543
6526
6521
9162
3781
9911
1198
5240
6704
8944
6777
3942
4378
9899
440
7641
1245
8466
8631
5726
7317
14
6173
9064
9845
5939
5407
9695
386
8967
542
6628
620
8476
9110
7050
224
518
6491
8111
8324
5795
7465
4180
4068
1866
2988
324
6645
9179
1087
545
4691
5994
4679
7586
4271
7584
4926
7898
9137
7307
6509
1766
6023
1364
3133
7742
3315
5628
5383
7772
7177
6224
7897
1833
2012
3685
6859
9424
9598
50
4260
3593
9157
6782
3546
2585
2635
9688
4280
991
8289
7149
4824
1839
3439
2455
8917
3793
6818
3630
3812
6793
4410
2134
2392
596
3697
4059
1608
7935
607
3260
7672
5212
1619
6343
7875
1975
7808
9137
1389
1848
114
1326
137
5743
5553
3532
6850
8124
4816
5629
8627
2046
5600
1324
7611
2472
8540
9802
308
9069
6624
3505
5051
8048
4892
3463
3139
4762
8618
7273
8297
2347
7504
3345
6546
8865
7424
9434
1801
2173
4877
4253
7045
6837
5419
7333
440
8445
5845
8695
473
6003
7255
6587
3827
4089
8525
1164
3480
8604
1198
4241
8227
6650
9967
7334
5755
681
538
7249
6836
2271
6218
8861
6677
5916
952
3843
7433
9626
1843
5854
5038
8032
198
5106
9544
4120
8781
518
2885
8367
5680
5043
9750
4171
3393
7505
8853
8447
7484
6431
5757
8948
2164
1104
6634
6959
7114
7977
6922
9454
8161
4565
6282
8643
6942
7487
770
8146
2843
6245
3423
5931
6379
1300
2870
2684
764
4855
7149
3651
1724
7917
4115
553
1869
5369
3142
2001
8122
431
5885
2983
2106
7841
5510
1723
467
2481
1135
1922
9270
8224
5406
289
9936
1115
8612
5008
1762
270
5276
3747
2893
6873
4246
1440
7691
7515
7460
856
1340
893
5103
3797
4164
5112
6969
9701
7752
5956
9283
4308
6153
4502
748
3362
4847
1071
1627
737
9006
661
8604
9890
9125
6985
2207
124
9105
5021
4569
618
8652
8688
7602
2322
5909
1419
901
307
8376
7647
4031
6618
1185
6689
6947
6801
8996
8967
5615
2828
3852
9432
2375
2534
9364
1751
6611
9489
1125
996
5051
1245
3872
1937
5113
9161
3129
3871
6339
7616
2292
2279
1592
9787
8303
8160
6892
4732
5168
5074
8380
2129
8185
2928
1531
4815
7848
9827
4074
4897
5229
2205
7430
369
7451
1608
4106
1994
7699
3608
7061
2368
5521
5368
9485
4607
6442
2516
4169
972
2119
7403
9285
2412
6534
1861
1414
6297
3312
8765
3290
4331
8952
2106
1500
1615
7978
7353
230
6142
9258
6567
7093
7444
2031
5447
760
6756
6007
5359
2716
8829
3769
9925
8571
9037
1609
4213
6595
8015
2597
5673
552
7098
6319
2807
6834
8407
2481
3062
5873
1682
3229
5974
418
9003
9349
353
2172
4902
4974
3961
1394
8343
210
6381
8897
4105
2027
6140
3739
3663
9161
1197
5227
9892
5576
5995
3669
8035
118
2811
7727
310
8535
7512
730
9872
7284
1044
4288
6942
3590
5108
9850
3463
6387
46
4596
7607
5194
3448
9609
5184
8572
2114
2365
7244
3387
7212
481
7167
1052
8796
2811
3602
5227
2006
7956
9321
373
3871
1773
2570
7276
2944
1016
9368
2203
8764
7014
2638
8018
2312
6081
7535
9942
2169
7484
4214
3853
8911
582
9869
4939
1300
2820
4510
5664
5596
1453
3225
1332
9318
9277
5055
277
3780
2755
8098
9704
421
3182
979
3351
560
3749
4982
5876
1774
4352
8937
1408
8261
2089
1596
8314
5504
9024
8329
3137
5861
5316
8169
6885
4459
1193
2883
5875
5694
6326
7702
4953
1611
7105
1178
2390
9136
5199
3236
907
5941
5121
2280
9687
6420
882
3357
9820
6701
1633
7154
8894
6866
7043
2375
1804
1773
211
6727
5772
3777
9741
3112
6741
1436
668
7384
9977
7718
5137
7177
5926
2140
7198
8221
7539
4765
9490
4473
4597
1899
5733
1989
5229
6193
7185
2420
5693
387
9100
711
8649
4718
1034
4983
1793
539
6178
6764
3412
9702
8081
2840
6616
7632
46
854
7972
9326
8905
268
8415
7627
3961
1239
6369
7426
206
9433
7740
5748
8755
7055
2032
1473
6609
6725
4716
8546
793
1537
6395
8694
9195
8294
8718
237
4775
2624
338
4659
9815
2351
4712
6464
209
9068
4905
1684
900
4239
9711
2630
3045
9757
7432
2996
4517
8157
9978
7462
2760
9577
1650
6008
5884
5642
7224
1820
7917
8259
779
1575
3489
6674
6770
5276
8931
4395
9342
8319
2462
7560
9407
5450
1153
9382
4904
8843
4475
5550
9148
8409
3718
2492
3460
3534
2282
9214
3597
4699
952
9710
5043
2995
457
1217
4794
8722
5821
9277
927
7161
7247
2062
773
1590
6386
4589
1910
1934
580
2691
5002
2871
9132
3672
5131
8858
91
972
8384
1616
4446
2868
3158
9737
7335
1397
4504
5494
670
2020
3328
4727
3207
8064
2577
1856
9045
5121
4355
6854
3083
113
1143
5150
9374
7195
9338
2964
2544
2948
1983
6725
1365
6865
8718
6588
2763
4221
1789
1432
7235
193
630
9887
3456
6069
8713
9665
1421
6072
6665
267
866
9782
5222
1618
3062
4375
7106
9358
4635
938
5824
1310
3273
389
2533
839
6710
8042
3688
4559
8066
6516
6679
459
8921
6279
862
9347
1359
3087
4734
3611
4368
6060
9527
7040
8688
7866
7033
8895
1016
6902
3615
1379
9209
2819
1813
6864
4053
8979
5873
6374
6925
7439
8622
2732
3288
1809
9573
8157
8699
953
8906
6592
6759
5516
944
3993
5844
3900
5363
5863
6800
6487
3615
4963
2774
5998
90
7417
6392
7191
5397
5574
8948
7122
3576
4933
7396
3319
2070
3281
7577
8969
4401
6880
7283
2737
9914
3854
4553
6460
4400
9055
3256
676
3188
284
8970
1759
8832
3031
6638
4114
9293
6451
6040
2959
9770
6926
2051
2103
4041
5570
7851
6212
974
2296
7755
9723
7692
8529
5492
2312
4046
781
3894
6362
7620
1563
2525
7299
7042
4276
2605
891
106
1108
5553
9944
5325
2709
5722
9373
4287
7351
6501
4640
5026
2161
6422
921
9207
6014
2905
5413
4049
5668
1383
7544
6515
1593
1380
3865
6604
72
5446
6268
7948
1870
1041
6224
2595
3601
4549
2325
784
9823
7421
7733
195
6932
3291
146
3840
1045
1648
3509
9219
4647
9282
7299
3192
5622
9526
184
9061
9460
162
1650
3350
5989
9049
9003
2846
9947
2693
2122
748
5756
4693
7759
2932
4289
5149
7438
3121
5470
5700
2353
7714
8919
9705
6810
7592
3314
6582
7786
5262
8537
6041
6955
3276
1846
418
9443
9482
945
662
9439
7002
9789
646
6395
9113
862
3881
483
6320
1792
8007
7575
633
5548
6804
9764
854
3419
7815
8894
6826
1656
7124
8330
5917
5298
2956
6647
5315
1243
12
9701
3011
3558
4617
5480
6189
358
3152
6712
306
3208
7162
6347
993
3704
6593
6515
3048
3891
8501
4273
87
458
1156
9161
653
9357
7069
1153
5273
7736
1107
9261
7615
342
4562
6149
8925
7094
8044
928
937
1437
6245
3194
3406
6528
6981
7920
471
7486
2176
5203
6232
1936
4231
4576
767
6830
716
4540
2746
417
3587
2076
2692
644
8205
4168
1565
8177
3487
6625
9244
4336
7963
5796
6256
1002
5102
923
2417
8432
8289
1180
314
8760
1888
4886
9316
208
2677
316
3960
5302
313
3028
7981
5623
2128
817
7971
2385
5890
2739
1683
6231
9029
1647
9626
3854
4417
2954
5018
3345
747
4008
3645
6964
1088
1234
43
8878
4737
1845
4833
9220
8656
7448
3064
2465
340
4378
6322
1002
8099
5293
4239
1977
6516
348
8505
9510
5126
7377
5782
491
6168
2203
6131
1019
1714
1601
5368
5320
5640
6437
4815
7564
1380
9473
9137
3146
2093
5238
1738
998
3680
4192
9536
4532
1803
2399
5874
1706
808
8250
7312
6263
7604
3120
4776
4642
9951
1464
651
3815
184
4182
6612
6264
4564
114
5666
7358
110
8924
7693
9382
5760
4696
936
2782
984
8687
4194
7204
4416
5699
7715
4001
5118
1805
7969
5068
477
3249
7941
1229
1395
3683
8757
2844
5501
5520
1148
3862
6025
