7448
4412
-1507
3000
4087
-4325
1208
-1252
720
2423
-1677
3979
2651
-4137
-4544
-9357
8924
-728
-139
2373
-8566
567
-9454
464
5848
209
7850
-836
-8025
9831
8729
5699
186
-6683
-606
-4737
-3082
1631
-8803
207
9451
6075
9453
9311
-4360
-6983
9731
2898
6452
-9447
-3369
4992
-4796
-6415
2099
-421
1369
1760
-3030
9797
6116
-4238
-1871
5834
-34
6477
-9408
-5941
1763
3495
-8004
-5642
-8442
9889
-5246
-8341
-5775
-559
2457
-5683
6604
-7483
-3638
-8300
-2625
-9851
-3459
6525
9266
-2381
-4941
2697
76
-6596
-4899
-7175
5366
-9651
9531
8640
-8335
-378
6373
-6986
5168
5123
8371
6118
9287
7275
1607
6994
7189
-919
-355
3147
-8991
-9357
-2096
-5283
-7142
-7608
6088
-904
-1282
-7593
-1107
199
-4576
1749
1905
4155
-8305
-8470
-2281
7677
6141
5368
8774
-444
-2767
-9940
-5366
-3382
676
-1447
8469
-1803
-5123
-2198
6630
3590
184
1004
221
3548
-3758
-3749
7311
889
9813
785
-7873
2893
5753
-389
-853
-8951
-6366
-143
-8114
6576
-1320
-4727
7258
-875
-2689
2859
-63
-5652
2323
9892
2267
-9615
8473
-40
8779
5888
-5894
-1963
-8414
785
4409
2228
2675
-4846
796
-2889
1190
-5329
5271
7530
5252
-6672
-1445
9980
2647
-3420
-1156
3943
6111
-7054
-2715
-8973
-2002
-2395
-1779
9246
366
-8754
8323
5680
-1897
-3302
3897
1861
-2109
-4623
6301
4961
-7689
5304
2970
-7542
2511
5291
-6071
-6390
7462
2083
3410
6003
2807
-9714
9982
-4406
9358
-7393
1789
1712
3231
7311
-9738
3522
-254
2602
9540
9490
2778
4642
-7822
-7623
7741
9851
6417
-4801
9563
-960
-4038
-2839
-3878
-2133
563
-5529
1396
-3780
-1639
-6122
-3528
4832
-6415
783
3771
8028
4288
4408
8075
3268
723
7052
478
3207
-7518
698
-1852
4582
-9668
-1928
4174
-1960
-3676
880
683
5065
-2408
5333
5106
3039
7723
3078
4836
-5018
-2465
-3781
7213
-7401
-6634
3355
-2092
-318
-190
7132
-5053
-7034
9701
4155
2891
-7497
4808
-3116
3961
4035
-6644
-8955
-6687
6717
4810
1295
81
-2536
3361
2064
-412
9031
-5448
483
9244
8250
3744
971
-6260
6442
6449
-2892
-8790
1058
-1121
-2791
-9560
-2021
2986
-172
-6403
6978
-5389
6263
2397
-8780
-5603
7037
-482
-5306
4861
-3941
5954
13
519
-5683
-4005
-6404
-2802
-5705
-2614
6956
-8473
-9615
7967
7902
6759
2617
8029
4846
-7127
4170
9476
9547
-5640
1422
-4692
1457
4894
-8872
8450
5674
4920
4244
-9755
-3220
-9059
-1891
-81
-3538
-1128
-3762
-650
-4336
8868
-2397
9880
-8009
-410
7275
-7537
-5436
2544
2011
4471
9189
4772
1957
642
4360
7247
-2135
5101
6932
-704
-2071
195
3771
545
-3208
7574
-6636
-314
-2382
-9841
-2066
3124
-2293
-6318
7651
-1203
3688
9263
-6897
8815
5220
-1847
-1315
9445
-7058
-6249
3247
4706
-239
-3705
-2138
-4549
-5354
2948
-5795
8289
244
264
4923
8746
4341
-8285
-9779
3468
2892
-8930
9329
-8217
-3501
-9612
-95
6976
-6780
-2206
-8116
7218
-7257
-1332
9263
-8875
-6878
-7101
-3815
7403
-2392
-9646
7411
-5418
4453
-7978
-3849
3921
-3226
-2732
-6650
-398
9545
-4607
637
-2953
-3185
-7971
6215
3243
-474
-6138
7021
6014
7241
4521
-3027
-1436
-4631
-4973
-6707
-6427
890
-8302
6701
-6422
-8198
-3029
8078
-6443
-6027
111
-1044
956
-2727
4237
-6179
-5302
3708
-2115
-1877
-5756
3174
3456
1705
2553
-862
9264
-6881
1445
-9477
8672
-7293
-7277
4201
-786
-2351
-5551
-6043
-1132
7822
-4983
-3652
431
-7077
4064
-798
3296
750
-8216
-1044
-7484
4599
3814
1443
-1687
-7343
6596
6011
-3364
3530
4867
-6536
-6056
-5035
2476
7623
9599
-4973
-9432
9955
9679
9435
9368
-2869
7057
-338
8875
-6099
-6301
-9097
3618
5962
-9140
5038
5049
7811
2034
1405
-8546
-5927
9901
6616
8595
-426
-8578
-1759
-3339
9424
5628
-7075
-4509
-7215
-3663
-8441
-4866
-3983
-1192
-1797
-3459
9284
1802
-2968
6795
3436
186
5651
3593
2217
2813
-7455
293
8942
-2754
-2417
-2043
6992
6708
5307
1004
-8970
3400
-8200
-2441
-7259
-3842
5902
7104
-2815
-7229
-1392
5195
755
-9486
-6314
3120
5276
-8442
1254
4369
-6243
4062
1109
813
-1347
-5721
1364
-4184
1556
2869
7070
-4611
-7142
-6423
864
-799
2638
4083
4627
-4010
-2257
7081
-8832
-2416
6384
-1231
-8677
-3539
-2083
-4407
8977
973
-4394
-4730
1247
5278
-9954
5875
-8271
3874
9756
-115
-6774
1356
-9600
-8027
-8944
-6042
-192
-2363
-1253
3807
-7288
-2846
-7764
-4378
-4169
185
-9414
-586
-8119
-998
-1184
-8000
3738
9020
-4030
-8528
-949
-2551
-8724
6316
-508
-5939
3300
-2438
-6672
6088
3158
-1648
-5011
5811
53
-4192
-797
-2735
-2648
-3060
-8248
7987
-5810
-5687
-2041
6793
4524
-7782
835
-2177
-2296
-1200
1751
-8086
258
9747
4896
-2483
-5257
-4911
1607
-9442
336
8889
-8435
2277
7448
-8322
4405
4108
2289
-5310
2409
2935
5765
4408
-5086
-9846
8565
-9264
-7017
-3868
-4664
-976
-2592
-8582
-6109
149
-9385
-4706
6641
-6249
-194
1494
-290
5979
1380
2805
-5183
-130
-6495
436
-1781
-2632
3598
5258
-8139
1402
-9383
-6398
-6164
-4395
2581
-9808
-6922
5804
766
2456
9905
-116
-7384
-9893
4352
8699
8087
-6263
2890
5019
5971
-6778
1266
1726
5355
-6863
-9835
3306
-6344
-2418
334
-2227
-424
6807
5155
9928
-7661
-9200
8237
-2842
5837
7624
4779
-241
-7757
-8079
-2114
2221
-8461
-6505
-5711
6275
3199
-9351
7627
-7795
2937
750
-6634
-5786
-2877
-7371
-9731
-6921
1635
2693
5009
-3157
-8579
-1007
590
-1955
-8905
-4971
4339
8963
9166
2730
-1479
9210
6298
-8427
685
5661
1966
2398
-7798
-3208
-394
4771
6728
5728
-6126
8074
8624
-8262
4759
8864
7652
9069
843
9448
2476
1680
4929
-4856
6275
-1464
-8416
-5472
7973
-6120
-8536
-8113
-4461
-6175
1916
-8740
-4361
-7987
1442
8146
-7335
-7262
-4209
-5760
8941
-9165
-7176
-9123
3084
1070
163
-5755
-4677
-6210
387
-1041
-960
-5606
2409
5514
-4473
4779
7835
3261
-1904
-3262
-2511
-5594
-8024
4393
-4086
6071
-577
6186
-8580
1002
-2384
7166
1444
9412
-63
-12
4840
7905
8535
6685
7933
-8564
-5448
6056
-7741
-1563
5818
9198
2356
1358
6950
4474
4336
2232
2349
1471
-3325
4370
9752
6772
-7901
659
-5926
2659
8710
4950
9431
112
-7812
-3639
2639
473
7116
-2817
6513
4612
4804
-427
-972
-7016
7388
2997
5231
2028
-5222
-2160
-3329
-8323
5371
-22
6764
-9260
9149
7469
-4027
-2987
-1116
-6160
5390
-9288
8091
6701
-5319
-8202
7630
-3250
-626
3817
6921
7622
-8618
-5176
-6124
-4160
-541
9745
1292
3855
3827
-1982
2887
5374
6056
-2567
5132
-5679
4866
7243
-8887
7005
-3568
8308
2618
-3701
-1419
-7980
-8715
-4306
-9970
-1793
-2804
-7098
8012
7705
4233
3243
-7083
1071
-831
1793
-2898
-4561
9473
6423
1912
-2775
-9651
-4179
5221
8381
2214
-1628
1801
-6467
2081
-5140
3873
9396
3124
2812
3845
8648
-52
1870
-6715
8840
-3339
5848
3809
-4727
-6883
7431
-2112
-4646
6645
-9640
-5108
-4555
-5611
5756
-7083
-6975
1780
2225
-5980
8382
-5892
1374
9275
4623
-8250
5476
5286
-9956
2565
-7621
-4742
3891
7107
3561
-9541
-2645
5271
-5383
-877
-703
3760
5051
949
-1057
8880
8410
-7728
-4618
-2417
-699
3293
439
3150
4989
5124
-3820
7943
-8939
-8148
-3936
-6555
8993
3260
7514
-8143
-2570
7703
-4281
-4368
-6843
-725
6528
7959
3590
-5107
8261
-6776
-8550
-8723
-2366
-3868
2788
-2390
-1043
3796
7607
-4753
-3173
3576
8707
1762
3141
8570
-9397
-7869
9640
-3930
2713
5009
-1801
6863
9062
5708
-4732
9711
-886
5241
-1414
-7150
7398
-3902
-1638
5225
4245
-8717
-4729
-8703
2950
9176
-112
8473
7021
705
-3804
-9243
8760
7238
8752
747
4353
9371
8072
-6606
-2279
7298
-7113
4425
-9044
6992
-8470
6300
-1528
4801
-373
-4453
9520
-2063
9865
-2253
-6873
4182
1155
4157
-7418
9102
5377
8292
-2240
-8650
3310
-569
2667
7621
5642
1264
-8477
-7024
787
445
3771
-1958
-9608
-6726
1960
5718
5369
-1041
-8115
2985
-3553
-7518
4405
-8335
-6785
5100
8288
407
6499
9061
8399
-3843
-9317
-8063
1965
-637
-5662
5195
83
-9663
-8875
6674
-7420
9465
1666
-3757
-6179
-5181
-7650
1729
-6499
-2478
-4631
-8202
-5851
-6000
-9518
-814
9004
7384
6639
6862
2322
-3105
-7762
-9965
617
4123
9006
2778
8050
-4790
4493
2923
4115
-219
7841
-3086
4731
8834
3063
2237
-9824
-277
-4269
-3422
-1118
4651
7417
5064
5694
9860
-7664
3128
-121
5147
2490
3894
7141
-6712
-7813
4413
5832
-9030
5706
-4460
-2655
-9765
-938
-1141
-6156
-5674
-3290
-3754
-2759
5101
2034
-5921
1579
-7899
-219
3751
-3436
5575
4395
-1229
162
6704
7393
6634
5916
4798
-3666
6786
-161
924
-3166
-1185
2373
-78
-7600
-4211
9524
804
-4184
8680
421
-5741
27
6071
-6676
9797
6126
1290
-7151
-9082
3011
7387
-4374
1687
-1735
-210
-5956
-3213
2477
-1149
-9408
1540
6523
2975
493
-5226
-9506
4529
-8104
-9112
-1335
-6792
8125
3864
-4805
4162
-6132
-1726
-7119
6929
-4596
8982
8519
3115
-7551
-5032
4206
6725
-302
8151
-4474
5714
-1653
-8517
-4001
-4779
-4842
-2531
5847
-9182
-1207
-7014
-3389
5624
-7769
5316
-7338
9218
8844
5715
-9310
-2695
-7243
-8978
4659
9970
-9903
8541
1700
-3480
9512
6848
8077
4047
9196
4819
1545
-1091
-8118
-2924
900
-9401
6852
9201
5033
-5517
-8836
-9972
8982
8196
5081
-2131
9760
7352
-4721
-2540
-815
9622
8757
2825
6909
6666
-7471
4613
-6651
3045
9338
-5006
-8945
-4689
4685
7219
-6642
-8322
3202
-8922
-2892
9264
4341
-2763
-7318
232
8662
8518
-6814
-5983
9313
-9767
7114
9740
-3096
-6649
-8914
8153
9523
5110
7800
6358
-6610
8532
6514
-2634
-426
805
1765
-3998
-8654
-9278
-3810
1970
-8063
-9355
-3464
6186
-5730
-5745
5980
-1886
7103
6170
-817
3979
3052
1247
5169
6576
6212
8605
-9454
-5562
-8987
8671
-8928
-125
-1852
-9876
-20
-6648
6943
-2225
7236
-1479
2916
6384
-3317
-1629
5534
-719
6806
7087
7226
810
6856
8678
9691
-3568
5484
-2289
6845
-7460
-1243
-3774
6453
-1339
-4237
-5429
2963
6790
9896
7216
4589
-2589
-8682
7873
-4393
-1011
-883
5106
2873
-9839
-6796
-4299
145
-5161
490
1359
1310
-3030
5103
2431
4057
-9385
-3808
-6445
-9550
-8587
8540
-7389
1220
-7631
-4797
-3761
5677
1563
-5632
379
5854
2702
1425
-9513
382
4950
6206
-7718
8830
-2158
8321
-8430
-6254
3878
-3799
-7466
-4945
4109
-302
-1449
-407
3625
-7777
-8199
1399
5311
-8840
2024
-828
-8271
6116
8235
1794
-9487
9033
5674
-9371
1948
-532
-1890
-9069
-3654
8176
4464
-5217
-9053
-4920
-9722
-9079
7140
-1113
1976
9115
-1365
-6600
7896
-9142
-506
6028
-8119
-5576
-1204
-1383
9416
-6746
1165
2359
7160
258
-6534
-3468
5399
7993
5183
-6033
-3515
3069
4216
12
-3766
-1291
4085
-9657
-2196
2163
2355
-9916
-9391
5350
-5084
-4284
3677
-1074
4432
-1369
-8278
-1108
7793
-4058
5320
5786
-5730
6950
2257
-9477
8779
-1536
136
8499
-7517
5229
1326
-1170
-3961
-6177
-5956
-6462
-1228
-6726
-3398
-4988
7651
-1099
-1551
-1507
-86
-2361
-1732
-4897
6484
3484
5363
9948
477
2444
2187
-5514
-920
1803
7230
2333
2168
8701
-358
-5019
-2499
1647
7432
399
6666
-5049
-4228
-114
-5968
-8190
9007
-1103
9128
-7359
-4554
-2908
-4587
-3700
993
-9679
-8799
-1256
8722
-8560
5461
-595
-3493
4015
9291
1164
6293
-7282
1641
3689
-8111
-1181
9981
1187
-5960
-206
3541
7244
677
-1744
4249
-9948
-3399
8813
4912
3498
8969
-8017
-7842
594
588
4490
-6262
-5225
-2890
-8364
9148
-160
2716
4135
-4148
7815
-1253
3274
-8671
1480
7634
4398
763
-7794
-5310
3435
-6951
8821
6141
5224
-3561
-8604
5459
-9854
-3460
-3618
-6111
-4854
-7725
-8411
3200
6877
466
3539
-3158
4563
7039
3532
1649
6605
9366
5397
2909
-8703
-6974
-9189
4844
2816
1196
-6269
-666
1210
-1366
9703
1793
-1550
1686
3174
51
-2258
9577
1467
5539
7664
5959
-1617
-1764
-5098
2692
6482
-4367
-4509
1421
-2774
-2329
-9737
3633
8883
-8702
-985
9884
5915
-8189
-1461
6984
5828
1060
8897
9209
-976
-3076
-6683
-9780
3840
4524
9265
493
6139
-9970
-7864
-7796
-9064
1325
-595
283
-2619
4012
7534
5218
-3310
-8088
-8085
-1353
-3590
-7565
2174
3513
-5946
5557
-7800
-3322
-1456
-4462
9729
3663
9
2509
-3823
1152
2026
-8634
6332
7211
1375
-8757
3506
9694
5892
1214
7812
9364
3897
9096
-5556
5126
-4856
-635
-3739
-1532
9113
8104
-9723
-355
-1900
6990
3432
-3729
6045
7355
-302
-5236
1657
-7763
-7611
-1778
537
1715
-3349
4877
-1046
-4378
-1774
-5799
8904
5355
5843
-6471
3488
8498
-7849
-7822
-7185
-7157
2143
9935
-988
-6804
1506
5243
-8733
-6929
1944
-9257
1113
3200
5686
-4789
6124
-4810
7757
-2400
-6765
-3595
-5283
-8035
-5442
-6629
7991
3150
-6554
9523
-6366
-9565
-5578
1193
3569
1045
-1603
3791
-6915
7229
-6832
-5051
7534
4558
6659
-6519
-3157
-3251
180
-9459
-1252
5882
-6599
-7489
9450
7965
-5027
-4887
2056
-3694
-4699
-1231
-9835
575
1325
-6640
-6809
-7706
-744
-2593
1214
4527
1526
-82
-1162
8338
-8838
-7172
-9781
-4864
-7060
2182
-1487
1764
819
-6220
8829
-1987
-4119
-6253
-4732
8592
5486
-2569
-3720
7247
5780
-4583
7759
5083
333
6169
-1325
-1007
-9437
-2808
-6753
-7835
-4686
-2531
-2843
5258
2618
6204
-9384
-3296
-5743
5052
3915
-4676
-6920
-7107
-8602
-2917
-7089
-8163
4043
6921
4956
-2382
-4048
-8357
8258
708
-1092
8531
2309
-6049
4183
-3141
-7881
-7357
6670
707
6255
-4465
5579
-6241
7998
-7950
7616
-3376
-4236
-9934
-3270
7330
8498
-8572
-5546
5976
7551
-432
9851
-1372
1979
9161
-9
-8491
4458
-2511
-6331
8059
-7770
6442
7049
1797
7704
3608
-5710
3797
2109
123
-1690
-719
-1295
-7207
-7171
7942
-3667
7551
6593
-4315
8559
2494
-9039
-4450
7606
-4517
7211
7098
-6412
-5094
-689
1822
3953
-2108
525
5509
3908
8340
13
9889
-3308
7158
6152
-4685
-7467
1556
-9761
6562
-1222
6563
2970
-9650
8771
1923
4907
-3131
-9920
7653
-8145
-8119
9287
6820
-7287
6670
-7248
5656
-8855
-5814
9735
6033
758
-8872
-3944
6886
-6052
6975
-2137
3165
-2046
5379
1586
-7038
632
-5449
-7968
-6027
7168
7092
8121
2823
5184
-4248
-370
9910
3469
-1252
4549
8716
-3272
3725
-7566
-3149
2937
9887
9210
725
1614
-2762
-2081
2524
-1172
4200
1879
7015
-9595
-6390
7426
-2718
-408
-3978
-8182
1911
-1532
767
5989
-137
9551
-750
-4016
9787
3854
-486
-1843
-3195
-359
-7941
-85
2557
-2960
-2510
4293
2951
-769
1047
-7564
6852
-9896
-8648
-9966
595
8166
-105
4100
568
143
342
-5526
-3045
9611
-1972
9213
-7506
-7863
-7389
-5685
-7568
-3239
1771
9767
-5565
8284
424
4459
-3801
3572
-2305
8777
7531
-4318
8818
4663
6177
3743
-9841
7444
9201
-2618
-8909
3983
-5901
9796
-8198
-6052
-8475
-6336
9097
-9631
-747
-4457
4826
9121
-6969
3985
4420
8411
1818
-4090
5191
-5315
-9815
4858
-6038
-4844
5609
9180
8076
-234
5549
-2419
-8016
8868
-3985
9353
-6502
8714
-7620
-5874
-5707
-6563
5116
2901
-7623
-4931
9437
805
-9001
5390
2129
8756
991
3746
5218
-506
6814
2937
4885
-7971
-3133
-7077
-2839
1622
-1635
-417
2690
261
-326
-8684
3594
-2774
-2545
8458
2437
1438
7958
-4396
-1803
-2419
3415
6341
2956
289
4675
-92
-983
-8653
-422
1440
5438
3605
4552
5909
484
-4369
-9259
-8010
-230
-7874
-4208
-4718
-1491
-6942
9926
3812
9871
-4081
7201
6768
9738
-4993
-1720
-2739
-3605
742
-1767
-4393
-9038
9933
5544
3186
-7950
4287
8122
-7651
-4165
-5971
8513
-3741
-8992
-1913
8522
-2742
-7548
-1138
7727
6797
-5873
6530
2994
9288
-8164
5364
7400
7024
9377
-1017
-587
5936
6685
7413
-4432
7729
5062
-6829
-2774
-18
9809
-5552
349
1271
5533
-5674
-9155
-7353
2352
1540
-2684
-4811
8422
-6068
-4810
-4968
-8975
5097
-9734
-7648
4800
4939
-2968
8166
6001
-268
364
-205
-5838
1595
-4086
-7926
-4944
-3526
-9625
-679
-280
6677
-5170
6040
-3502
-7919
1597
815
829
2525
4242
3516
2345
1736
9115
7547
1297
-3824
-515
-7053
6618
6611
9598
-6193
-2849
2730
9308
5789
7058
-1585
598
837
-6963
9492
-3759
4528
-3771
4563
7746
-8142
482
-2835
8040
4444
-1143
-1044
9357
9420
7572
91
6086
168
-5606
-5300
-8077
-2154
8701
-6569
5772
-1492
4869
4885
-3562
4090
7685
-3317
-4494
2486
-5877
4379
545
-3603
-5319
-1274
3461
-3801
1032
-191
-6508
1281
8389
6421
7234
9120
-8916
6334
7357
6544
-3875
-9392
4030
497
-4661
-638
1769
-2308
-6846
421
9120
-7882
-3284
7784
808
3643
-9714
28
9648
-3418
6806
5668
-7194
-4202
-6745
7755
-7449
-1830
8147
-412
4036
-6772
6170
-7557
-1837
4908
632
-7132
-2685
7825
1906
-1517
-7965
8953
-8142
7738
-9430
-2581
7281
6316
9650
-208
-3744
5796
-4649
-805
-6599
4653
8847
-8189
-1807
-4703
-4451
3675
-411
-6180
8540
-1943
2965
5843
310
9124
-9780
4168
-2854
795
-9625
160
-54
6708
-3712
-4911
181
7072
-6873
-2689
5222
-919
-7822
-7607
-8532
-7149
5409
767
1735
7869
5959
5216
4103
4852
-8400
-1099
-7329
-1623
8306
6920
-5208
-9419
-2801
-4676
-1593
-9740
-2956
-9704
6803
5276
-7957
9913
-4560
-8689
-167
442
6391
6280
9136
-3477
7535
2254
-2902
2126
-5763
-4351
4236
8028
4474
-7941
-3578
1742
-7205
-8928
-1463
-1722
-1595
-2718
-8273
4677
-3238
9628
393
2142
7450
-8261
6228
7215
2676
-4101
-9784
7579
-4727
7164
-4492
-9066
-9075
9309
210
1297
-8326
4000
2655
2867
-4811
2410
4633
9873
8260
-5828
-7891
8071
-4709
896
-4918
6477
2705
6698
-2143
1753
5625
8861
-321
-8808
5080
-185
-2927
-3526
4723
-5713
6619
411
-9708
9212
-6331
-5339
-8809
-8759
-515
-5706
-3380
6944
5365
-974
4773
6644
-8860
-6705
488
-9221
1455
8227
4382
7176
1271
-1344
9546
-6772
9844
-9557
3935
1862
888
8195
3495
5527
-8735
6847
9941
-1166
-9030
9676
-6599
-2848
-1751
-9612
-1618
1072
-9139
9553
6729
9255
77
9811
-2545
676
5289
9733
2655
-1423
370
-815
6114
-1491
9714
-7215
3870
-6813
-1267
1969
7459
-4160
-9899
6435
-293
-8564
-1927
-9356
-6455
-2479
9136
-513
9533
1423
-1784
7947
3304
-1190
2384
9896
-4815
3135
-5476
2562
4090
-5909
3582
9179
-3973
-2879
-5002
-2542
9267
-6930
8386
1112
-9689
8485
3065
-8012
-2834
4447
1218
-5436
5177
6496
6070
4141
797
5956
9042
-3184
-7931
7483
8667
-2981
525
5302
-9143
7579
8004
3458
-3778
723
7986
-4192
-2863
8733
5108
-1725
7073
8276
662
2859
659
-8296
4523
4196
-3488
-596
-6127
-5467
-5321
-5067
-3799
-4062
6016
-164
-4453
-5332
-1642
244
-695
-3738
1882
-2134
6547
-9161
-7381
-883
1065
-217
-2631
-6347
-9324
-7818
-2115
2543
-5119
-6742
-8068
7206
-5761
1791
8641
5823
1311
-4410
-8370
-2115
-3253
2942
696
7283
4543
-155
4045
-7073
-9288
4219
1704
7558
5252
491
5831
1028
3174
-8543
9676
-191
1466
9795
-8085
-8572
5325
-9315
4084
1884
7829
-2961
-1332
9489
4860
7267
-5912
-1970
2262
324
7410
897
603
4903
3219
1001
-4158
-2222
-5955
-3424
8163
6148
4791
-6756
9312
-2779
-5119
1656
6496
-4868
4086
-9654
5235
-1365
-8713
3096
2034
-3948
3140
4724
8441
9121
8665
2691
-953
-4847
7014
3086
-7612
-4721
-8406
7182
4214
-6475
-9387
-9749
-2246
6188
180
-2529
4743
1302
-5500
-3358
8745
3222
7946
7263
5500
-7339
8976
6596
-32
265
-5231
1566
-6769
-6625
-4494
5852
-1437
-1312
9211
-7663
8175
6076
2676
-6022
2887
2036
-1574
-8808
2806
-1592
-2997
-9792
8664
-864
-6426
6718
4402
3119
2232
-5071
574
9378
5845
-4559
-8593
4997
9981
-3336
-2899
3897
-8227
-3759
-1482
2628
886
9271
-8057
-9489
-906
3860
-7623
-2784
-5271
1565
150
-7943
-9874
-5903
-5308
8332
-3696
3983
-2296
8927
9835
-800
5245
-9433
487
7587
-9655
-7201
-8625
5161
-9869
-2969
-6362
6312
-4822
1024
-4522
-1191
8784
3848
4750
9088
2604
-2277
-8103
4768
1484
7205
327
-6695
8888
-2373
-2627
-4558
-3619
-4058
-9524
-2216
-7355
5214
2234
-808
2249
726
1892
6816
-6957
7986
2477
-2605
3778
4141
-3844
3510
1580
-2863
-5658
-7637
-3540
9769
9832
8718
1796
-7950
4152
3965
128
-1631
773
3006
9022
8564
2361
6711
8404
-6427
2946
7708
123
-324
4621
5105
-269
6236
-9767
-2526
3198
8149
-3754
-9749
-9247
5705
-9284
3170
-4590
-6436
-4981
6153
2559
2385
-8798
-4832
7404
9975
6573
9804
-5360
5180
-294
325
-3483
-818
-4398
4096
-1592
9497
-5907
-1491
-1974
-1473
5666
6283
2912
-5213
3277
4032
3729
2955
-4229
-5622
-8016
2617
-5500
-5705
-8709
7562
-2851
8357
4660
-8621
-9602
2705
-5914
6174
6892
7163
-644
361
4201
-5003
4813
-9484
1977
7633
-6851
2171
-1027
-8246
7795
-5300
-3397
-2824
-4819
-4019
8098
-7861
-1077
4416
-6229
9781
-1671
6035
5247
-772
8004
-5816
899
-1030
3598
5673
4519
-6412
5104
5611
-2480
5097
-141
-1383
-7795
5227
-270
-9155
-2195
-2718
844
6438
-5055
-8898
6874
-81
403
-138
-369
-3448
1809
1082
-4598
3564
8214
3733
5131
-444
5819
7035
5685
8373
936
2529
5916
5146
-372
3741
-9522
-9185
9019
7234
2538
1626
5420
7056
-5729
7070
-3761
4674
-976
4573
6866
-9878
-9735
-5464
3531
5819
8623
5247
-6435
4682
1707
6035
-3366
931
-7117
-2581
-5253
-6370
9340
-6274
2593
-6846
-7854
-8559
-3363
4666
1816
8150
4644
9182
-5599
-3745
2991
-4307
4707
-9246
8376
4782
657
1623
9999
8961
2501
1689
8796
5179
6014
-4085
-5625
-2204
5989
-2797
2147
7026
5271
-9935
-3653
-6407
-3458
-9820
970
631
-9480
-9010
5056
360
136
4058
9560
4488
-9415
-9701
-5460
-8556
7123
1797
6719
7402
3082
-4639
3482
-8932
6645
7794
-5057
-6097
-5988
20
9079
-6684
3608
4521
8877
7534
7490
888
-1533
-3853
-6838
3723
9158
-8023
-5342
-5764
-656
7391
880
3543
7282
2918
-9483
-1602
-2412
7684
-2494
-9689
6965
-9655
-9837
-429
7874
-9497
-2523
-2921
5202
-5541
3586
-6752
2293
-9529
7349
3514
6940
7356
6866
-8784
5913
-2749
-3866
-2913
-4085
1349
903
-5805
-8009
-9823
-7352
3813
8150
-9054
-85
-3639
6738
7603
-2065
-4521
-7735
2160
-5250
6496
9496
-249
8041
-5587
7679
8677
-7792
2029
3943
-2655
-6757
-1959
3898
5243
5288
5458
-2338
-438
5930
7681
5594
-9114
-2328
-8668
-4189
-7470
-2884
-6276
-8482
-1318
-1594
6117
185
-4983
6493
7716
6727
6593
8992
-8052
3440
-2377
-9427
438
336
6713
-9051
6934
-8158
3051
1262
2929
1972
9369
-9698
2755
3270
7317
-8014
4255
-3297
3860
-1914
-4350
5702
-668
526
819
-5680
-2163
-3612
2399
-7205
-6525
-4143
-1111
4994
-8795
-8965
-2380
7018
8952
-7277
3661
6224
-456
9435
2044
2484
5274
9374
-6917
-1005
5742
2750
-9790
-2167
-5579
-847
-8716
4485
-4655
-9953
-2143
-8134
7531
-9514
6995
-4591
-9501
2305
8151
-7473
-2418
-966
-6682
4259
-9051
-5215
-8138
421
-1998
2856
3414
-4677
-8565
3807
-7897
7510
-6819
2026
8781
5558
1616
-2178
-4004
3940
5896
4846
9683
-1197
-5602
9883
2339
-928
-3915
6158
-241
-765
9735
-7044
4557
5062
-7096
-38
7206
6254
-6640
-8175
-6602
-9594
-7846
-7875
-6340
2999
3330
6300
9474
758
-6352
8728
-2094
9750
9085
-1350
-24
3810
4397
-7199
-8379
4752
8073
9563
7844
6656
-9272
-7096
-2325
4165
4563
5000
-9607
-3521
5300
7877
-8156
-6322
-519
2547
-7624
-3309
6195
4600
-2622
3040
6931
4859
7607
7694
-658
-3476
-565
-2376
6845
201
5913
-8629
-7177
-3525
-6032
9240
8613
-4296
-1518
7989
2427
-4054
-4570
1066
-9077
7073
5830
6327
3529
-213
8883
-1154
6195
-7257
865
-2694
-8208
-3666
-7742
-8660
-1046
2401
-2720
-7420
-3513
-4136
-5839
-9731
3100
5258
8683
7068
4960
87
-6025
6769
2611
-6469
4225
8922
-5457
817
-1290
9492
-2577
7258
1615
-1736
6730
7367
-6628
-8949
3961
-4500
2587
-8541
7795
-3303
-4571
-3506
3707
-6514
-6863
2754
6774
6434
4427
-9041
-4394
-2035
-8883
-5385
-2436
-4890
-958
-6359
-3204
-7566
-7422
-5160
-4375
-2461
8926
-7445
3928
3259
-9216
482
-8330
1275
1543
7510
6937
1757
1317
3475
-1584
-2354
-9687
-6394
7791
6261
9848
-874
-191
1949
3179
-2974
5924
-2531
-8416
-6397
4168
3678
6390
6111
-4029
-3389
-1617
-7039
7467
7124
371
8376
2768
1289
9424
7244
-9996
-7563
8608
-6230
8171
-7719
2924
6380
-9330
1799
1381
466
1006
9897
1550
257
5801
-9813
-5675
-1115
8111
-8069
2442
9605
866
4293
607
6276
-9076
-4345
-4161
-8463
59
-2098
2548
-4736
4135
8840
276
9231
-998
-2458
-9875
4112
6000
9543
34
-324
6807
-3654
-9395
6028
-4987
164
3500
-9192
3409
502
9887
-2401
6909
2144
-4533
9237
3967
-7453
9669
2439
-5597
-5482
8946
-9030
3853
-355
7366
-4096
1859
4505
-9322
7879
-5011
2151
4008
161
7562
-7443
8426
2398
5755
-7603
-8423
3203
9345
-804
-2159
-810
-9160
-4588
1450
5865
-1403
-1108
4398
2570
-6510
568
-3295
-7011
-8256
6872
319
1870
-7111
-2860
-4070
2747
2500
-8484
-4277
8723
-9258
9759
-3225
-3020
-9175
9495
-7586
7256
8996
-4810
4938
-5981
-1141
9751
1831
-1186
-2320
-9770
-132
1067
9213
-5331
-8945
-979
-6652
5181
4110
-2556
-6854
-6925
6999
1898
3445
1321
4274
8736
-4940
5866
-4781
-4859
-1999
5296
2947
1444
7778
-9175
8033
6272
-7288
-6661
6525
-3879
-417
7184
-3827
-2738
-7042
-1456
5763
-3818
-4953
5567
-5584
9368
-7802
9612
-447
-9531
7196
-5875
7243
1229
657
-2708
6482
506
-4764
8710
2515
6683
-1212
7096
9402
3637
-4880
319
1719
2196
3066
4780
7782
9707
7588
-3817
787
3596
3421
420
-8605
5923
8869
-9428
-2433
3842
4483
67
-283
6011
-2418
-8992
6832
-6817
-8162
830
-7950
634
-6044
1756
5075
8031
6463
5359
-8967
6768
-1441
-8931
-8720
-9103
4526
-1511
-6483
2057
-7056
7653
8053
-5993
7089
-2051
7339
-1446
9925
-4168
-716
-3633
9714
4502
538
2760
-1696
-6599
-3125
-9811
-3104
-8301
-3492
7238
-4360
9736
-7840
560
-9892
-2462
-1357
606
1437
-8258
9300
5358
1009
-2431
1536
-4945
4694
8059
-652
2742
5462
92
-3469
8050
2942
-6296
-3713
-3680
-7267
-1116
-3905
3960
7463
5445
2103
-6094
2958
-4688
-799
3402
9434
-6817
4418
-482
8952
-6866
7721
2752
-3554
3632
9723
-6798
3081
-8738
3925
-5485
-5418
6782
5440
9156
6932
8791
-6604
6005
4186
8070
4728
1838
4879
-4589
-9399
5627
-1126
3985
7534
821
9002
-6987
3163
-4170
2650
1516
9954
-8549
-1717
7684
330
7524
2104
219
-864
8883
8130
4570
-829
-2910
584
225
7809
-5609
-9485
9097
-4663
-3574
-8800
-3368
5796
2997
-5616
8937
5834
8724
-5739
4227
9292
4948
-2676
1770
1864
-947
4701
-6923
3244
-3955
-5261
2257
6922
-5607
2844
-8426
-8775
5876
-3814
-5143
2035
-36
6292
-5800
-355
6293
-2056
1444
4537
4788
6848
-5903
1018
-9837
-692
1798
3506
-6188
-8743
1986
-7879
8597
-6975
7087
-7743
3170
6947
804
4217
3439
-3919
-1390
8035
6313
-5347
-7856
9072
-1783
8591
-3406
-6327
-4919
-8349
-2238
-5996
8865
-6949
16
-6839
-4856
-2015
-9478
-2314
-3933
-3511
-6187
4869
4918
8395
-420
-497
-3416
-9215
6071
7048
7149
1182
-1383
6990
-1932
-3759
5209
-1577
-9113
-3757
-4598
-8285
-6851
-2847
-1113
8915
-3205
-3129
-2657
7083
2934
2590
6521
-9425
3416
-6088
-7328
-4884
8743
-1406
-4247
-9740
7060
2043
-5216
-60
5843
8967
-4560
-1199
9246
6281
9205
1020
-4085
2306
8381
-9480
-1673
102
-8248
8203
-9067
467
-6821
-8810
-1409
6889
5351
2894
9186
-4497
6176
-214
1793
-5575
-482
2420
-7798
-5953
193
-7978
-5237
4860
7948
-6935
-2618
783
9966
7731
8817
3657
4946
-4040
3162
4322
-4690
-6518
1127
-1642
-7988
3627
-8946
-1328
-801
6566
-9080
-7481
-6460
372
-7357
-2555
-4035
-6928
3082
115
8341
-2348
-9034
-9188
-5738
-2421
-6434
5235
-2292
-8089
-2854
-181
-8458
3004
-423
-8366
4666
-4385
-4679
1436
1790
1426
-5679
-8394
1802
8565
9628
-1141
5777
8410
1026
6801
3140
-4877
-5005
5766
-2568
7001
2382
7099
-7477
-9173
-1869
3728
4375
490
-8324
9640
495
353
235
4674
3943
-5386
-6144
-3625
-5044
8734
330
5867
-3642
1201
-4605
9190
-5789
7785
4169
-1462
7360
6201
-6002
2059
3071
4953
-2261
2573
4896
6440
7500
-786
3131
-9
-6916
9266
-3456
5126
6847
-8407
-4326
-4757
-2848
2396
-9196
8656
1641
3960
2373
-6320
3031
-5775
521
-2130
8933
-3596
7066
-7481
-3844
4164
-8828
-3839
-8735
-828
-1759
-6497
8780
-9907
977
-8672
-2986
-4455
-4572
8315
96
1938
-4575
1914
7534
-2687
2123
7850
-6338
-2904
-1764
5816
-9806
5084
7729
7763
-915
7683
-2992
5916
-7942
-9281
7220
423
9828
3453
5530
7862
-9809
5509
3536
5485
7315
-7553
-3642
4137
-6734
6506
-1469
-4975
-3095
6899
-8362
-6637
-8888
-6249
-3882
-2907
3831
-8242
-9842
6493
-5309
6277
298
-7786
-1662
-19
9435
3010
-56
9169
-9493
9706
2491
-6425
8436
4957
-1823
-8714
4594
7030
-1630
8931
-4086
5896
-9932
4276
-9363
701
-225
-5552
-4790
-5521
-1708
-6816
7616
-3802
5496
4594
7012
7922
-7850
4214
-1424
-4025
7734
-3630
-4375
-4680
-7483
6700
-8273
7818
3725
6238
4395
-8100
-9019
6094
-6434
-5417
-2647
-2668
-3262
3114
-7895
-6096
-1165
58
7625
6341
2362
2349
-743
-8182
5081
-4260
6271
-3365
-9023
-6224
-9811
-475
-298
-690
-9280
-5480
9258
4321
-5036
2507
2773
5812
-1268
-9148
-9689
-5686
5970
7109
-3409
-2469
4208
-7724
-3532
-3162
8793
9562
-1799
3269
6879
9417
-7176
5238
-4099
-6464
2893
-4968
9243
3084
3357
8940
-2643
9198
8597
5002
-5854
-2287
8087
-9925
-7385
-8195
7165
-8999
-4236
2521
-5455
1028
7019
2118
-2182
-2615
4897
9149
2351
-474
-6382
-1531
-2746
-8742
-3605
3815
5881
-343
6630
-1276
7566
-8956
-4147
-7114
-5750
525
8554
3237
4405
-5199
4064
5644
-2999
8506
7555
-442
7663
-6548
-7912
-7972
-1480
6654
9314
-7400
4958
-1528
5521
5568
-8358
-7044
-363
4340
-1748
-7714
-4282
-8695
-4524
9812
2991
7881
8399
9635
-8497
-3097
-6304
-1647
-2073
1121
6326
8705
-7529
6680
-7500
467
6564
-4994
-6254
0
-1494
8472
-6478
-7973
6636
-791
-4437
1143
8907
9658
681
8123
1335
-7565
7906
-7704
-6924
-7780
-3605
-1620
-7032
-3795
-9307
1283
-5721
-1870
4493
-3643
4569
5620
-1986
5014
-7048
-2697
-3019
9060
5782
2770
-4578
2777
3424
6482
-4347
-3493
-2097
-5482
7687
-2097
1654
-6709
-7433
8563
-3876
8848
-2516
7947
4589
-9783
823
-1372
-6820
-1829
1254
4628
1270
-7917
-4741
5121
709
-2514
-109
-7355
3203
-2280
-9939
-8169
-9506
-6972
-7828
-2309
-9542
6834
7766
-156
1029
6449
-2857
-5586
4291
-2426
8736
-2908
-90
4221
5750
1331
-8203
8295
-3886
-9941
9002
6557
2857
-6851
-3721
-9396
6859
9798
1178
2838
-7980
9622
6366
4262
-809
-507
-2161
-1669
5111
-4315
7359
2232
-3137
-1658
2597
-9511
-8672
-9339
-6889
-3691
9808
5083
9131
-7703
-8091
5866
2153
-4645
2442
8004
9379
-5441
-6278
7059
-1161
4014
4872
-3282
-8240
-7948
-1731
-5274
6005
-2907
2624
2242
-340
-399
7556
9583
7521
3661
-6560
-4840
8647
-8690
-9033
-2745
-2688
994
6631
-7407
-989
-1606
6349
8025
-9445
-4855
-6023
4038
839
-7984
-7947
-623
-567
-7407
9774
-7438
-9810
43
4962
8862
760
-3277
8750
7023
2892
-9789
-6680
-4133
-3010
-1842
1056
-6275
-7033
8782
2616
-3508
-9769
9202
2911
8870
-6379
4074
-8365
-440
3383
7132
7743
-9115
-2854
-5610
9938
1942
3439
-1012
-6142
509
1739
-3019
7489
7689
4323
6868
-5510
4558
-6667
-2502
3584
1233
5851
-5926
4499
-2863
1379
5117
-5074
9943
-366
5893
-7679
2092
-8417
7180
-4481
-1465
-1928
-8201
-8598
-4208
-4848
4987
-4722
2870
-9726
6007
-2465
-3846
-8120
-3560
8617
2050
-6912
9540
-6160
-4617
-4668
6573
7620
-2694
9162
-4445
2566
4798
-4545
-9589
5241
-9425
-5902
-9767
3295
-8522
-350
-6509
5856
6232
1396
5751
-5264
4934
9341
5869
-2793
-4749
3042
8060
839
-8144
5916
5233
5451
-3471
-348
4754
3391
-3511
5565
4410
-8891
-2447
-2049
7084
-5443
-8230
-5602
8403
6524
-753
3173
6107
6093
-1787
256
-5103
4893
6036
-7690
5926
3928
4565
-3234
9511
-4641
6721
-6874
9226
-399
-5115
5649
-3335
5666
-5245
5427
492
-8118
-2702
-7876
-2003
3258
-5985
4188
-8434
-9864
-9470
6179
-8915
-4693
-5064
73
-1668
5485
-4
-2065
5203
8907
8791
-3228
-2755
-9257
4671
2828
802
-5423
2738
-4700
-3205
4524
217
-5313
-9741
2784
-303
4795
-8160
5373
5204
1531
-5131
-1412
-5835
5218
844
-2052
-2826
8713
-2896
-9582
-3090
-9729
-6191
3251
4388
-7341
3418
-6188
3049
5065
4549
-4481
-6144
-4510
9197
-5730
6898
5921
-6850
-4009
-9368
-458
5324
-1946
32
6474
5407
-1599
3788
-8165
-1340
6502
-5304
7531
574
6447
-9610
62
9820
6208
7691
-2721
5201
-7557
-4340
2991
3978
6452
7969
3530
9812
4592
-4790
61
6085
-7560
-8802
-6436
7050
6757
8883
-3879
-7669
1648
5918
1890
-1120
8807
-8402
3745
-9871
-56
-1137
-582
2101
-2576
-5893
7909
-6400
-9579
7584
1637
-4681
-2225
-4035
-9056
616
-1770
9768
6545
7136
4563
-6062
386
-6889
7093
593
-3967
-1200
6785
-1864
-5394
-4513
-5384
-8865
-6085
1700
8685
5332
6135
-3616
-4265
9707
-2151
-5961
-8335
-3430
3773
7286
8258
7996
6052
-4821
4124
-2649
3989
-56
376
4775
8799
-821
9106
2203
-28
9219
-7105
8389
-1452
-8912
-3650
8884
-9376
-867
4977
-3859
-2748
-3432
4325
5421
-7152
1214
2851
6595
9308
-636
4379
4967
2617
3040
-2590
-6499
-274
7178
1701
7017
1192
1404
1096
9511
-9933
9811
3190
-6641
1525
-4040
9775
3701
2039
9290
-5284
-42
-7814
592
-9240
-9985
-6955
7181
-4337
-6143
-2285
-522
2139
-7394
5769
552
-707
-1974
-3902
4077
8676
3973
-1246
9415
679
-5929
6456
1599
144
-687
9724
-1530
1622
-3753
-2739
-4542
2990
-8480
-6873
-4438
-6205
-8736
-3832
-6663
-8369
6481
7185
-8299
-4431
4191
-2120
-7837
4209
4696
4085
2678
-6739
-2862
4723
-9746
8858
-7586
-385
-6442
5209
6952
-6374
-2073
-90
-6965
7187
-102
5976
-6101
-575
597
-5660
6607
9056
-7896
-6476
-9592
4011
-8703
-6530
-1681
-7795
7008
-8175
-4542
2833
-4700
5371
4054
4436
4477
-6427
-7021
6974
-1605
853
-4553
3852
2684
5920
5211
-1835
-6457
1382
2026
-8436
-3535
1424
6852
3786
-2305
-6783
-4781
8504
-5518
-1338
7191
-7530
-9726
3319
8589
-5581
2745
-9968
-4645
471
-4811
7370
-3854
-7810
-7630
-5662
2580
-9479
8400
9053
-7444
1853
8615
-3608
4612
-8172
3780
4227
-5016
-2458
-9295
4541
-6755
6793
9620
7171
-9311
8558
-1739
-3784
-3246
8228
-2018
-9128
-4623
2723
-1687
1492
2505
6591
5155
7502
5795
21
-1572
709
-7120
-3552
2559
-6168
-2958
-6251
-3355
841
7529
-2482
6430
7573
-8530
1944
-8842
-6505
8515
-4129
-1836
-9278
8484
3518
-8991
-1993
6300
3831
4092
-310
7722
-5982
-3865
3715
6684
6025
1583
-4039
7501
-483
-6794
3407
855
5487
-8640
5276
-676
-226
6062
8082
545
-9897
-4111
2215
-2439
1493
9363
3506
2092
8267
-6426
2407
-4971
-2301
-884
-8846
-4841
5862
8908
-6544
-8229
-7563
6362
8711
8316
1878
5489
-400
-4857
4811
9141
-1803
-3528
-2076
-8730
6464
1714
3746
2300
8494
-3047
5582
-7585
9366
159
-9955
8725
-229
-8635
3460
3588
5949
4369
-6551
5919
-3246
-336
-5453
1187
9941
-9781
2848
-3737
1677
-3793
6971
-1641
1047
1737
155
5058
4698
1941
1494
-2901
9284
8594
-215
9286
-5310
871
2230
7159
-42
-6062
3074
7803
-9643
-3081
3857
2306
4818
6235
-5794
-61
272
5626
-3261
7486
1686
3355
-8018
-8030
4559
-2983
9929
-2590
1327
-8540
-9245
5229
6103
-4199
-4744
-9723
8134
1910
6383
-3109
-1521
-5150
5489
-1477
-6552
-2649
-2783
-1859
-7873
-4370
-988
5096
-2518
752
959
9148
-1830
5408
2294
1230
4451
-4670
6525
8073
8247
5550
5505
-3885
66
-9661
-9867
7288
7494
-549
9630
-4265
9773
7588
4190
-486
-731
6723
-8860
5254
9304
5331
931
-8763
9015
-7015
3115
-539
-2178
595
5185
7495
6269
4738
8421
4276
-7043
-8887
-4299
-9491
-2346
3476
-3314
4404
-116
8217
-7262
-4413
4866
3525
-3612
-440
-2573
-8442
-114
-490
-7883
-1233
2839
8471
6825
2701
6356
-692
-4509
-9164
-2708
512
-6505
1020
5614
-5100
-4915
589
3778
-532
-9937
-3970
-86
8673
-1531
7853
6150
-8151
1137
9332
-4720
-7225
-5274
8236
1560
-983
1832
9156
-3288
-9799
651
-8016
-5889
-8571
2501
8727
3076
-3741
-9689
8523
810
-2592
-1655
2004
-4458
3203
5366
4910
-4472
6826
3481
860
8077
8887
7525
2488
-2133
-820
9322
2851
9675
6788
1541
-3990
5520
-4623
-120
687
-6683
-6553
-665
-2144
-1839
-1175
1282
5894
3925
-3477
-2574
-596
2008
-6749
-5034
-8713
6258
-3244
-6734
3517
4007
4448
-8508
-8991
-4387
3390
-2583
-7889
-1894
-3588
-6663
3531
-8853
6672
9193
-4852
-3852
-6082
1957
2370
-4964
-5265
-1997
986
-4010
-8869
-774
-5852
-6797
-6586
-9865
-7436
-7662
-6053
-4165
5957
-9476
-92
4390
-7538
1265
5696
-1795
-3687
2899
-8384
4549
823
-7886
-9748
-2475
4979
2194
8335
-5735
-7135
-4933
7606
8145
-5605
3600
8048
5803
-976
6994
3728
-927
-6275
8556
-1720
1670
-6008
-2532
5663
-6474
2400
-452
7337
-5515
-8413
-6321
2359
8594
4284
-3322
-5127
-6990
-885
6625
8629
-7279
9615
7451
-2101
-8495
-1728
-1243
1089
5309
-1011
4542
-6519
-5673
577
-3210
5693
-1570
-5248
-7720
6542
-4341
-3989
-9142
-6876
6578
-1670
6069
-5944
-5474
1555
2032
2290
-103
-5806
1343
-9163
3511
3769
-7315
-6552
3296
5351
-8985
2623
-4038
6468
-658
-7899
-2044
5396
-6032
-3038
-3927
-1883
-7976
1084
-1005
972
9401
5419
3780
-57
-8619
6811
7516
6989
8461
1298
9543
912
2061
-5580
9556
-2640
-5
4232
4473
9991
1877
-1333
-5284
680
-4221
5602
5211
3006
-868
9057
3390
-7222
2407
-2081
-7893
-4793
-5599
189
5739
-4554
3058
4325
3947
1403
3144
3101
-93
-9945
4838
6536
-168
2515
2131
-2853
169
-2079
-1628
-8563
-7047
-8613
1828
8230
6856
-2646
8907
-4772
-9982
9536
4957
-2373
2169
-1451
-4722
-8744
3576
-9726
2719
-3194
-4846
2320
5130
-3825
6465
6885
5240
1631
6294
1389
-6633
5479
1854
7983
-340
9326
9574
-4686
-4462
6555
-3044
8667
412
-9921
5803
3220
-6648
1168
-7775
-9988
2206
8357
-9278
-5700
-9873
7998
-1462
-777
-8136
-7503
1343
6969
-2691
-7243
6367
-6429
-4675
6071
-3159
4038
-2093
9
1589
2862
834
554
-4198
1439
3984
-2178
-3640
6373
-6780
1270
9429
1963
2079
1575
-9246
5371
-6992
-5239
-5007
-4736
-7540
-1588
467
-491
3301
268
-2779
7053
8406
-7658
-4855
6171
-8478
2847
6374
-3952
-5202
97
-8398
8918
-3696
-5
1472
660
-1620
-2846
7682
2956
3014
8156
-7530
-1206
-7590
-6384
6419
945
-6903
3740
-7152
7310
8262
-9151
1636
-4661
-4258
7188
-7985
3726
-6539
-5899
865
-4837
-4211
-496
9393
461
-1139
-7266
-1915
6000
4096
8599
4922
5525
7605
-4782
-4810
8595
-6474
6118
-1902
-799
5514
5861
-911
-7455
-6006
4597
6002
-3045
8609
-4008
3289
-5056
4682
-8691
-2559
-6099
-3994
-196
3368
-2507
3287
-335
-6463
6069
494
-1800
-3443
3347
7507
664
-7494
-4203
1431
5761
78
-3635
-7864
-1071
-938
-9115
-3051
-1147
45
-434
-3683
634
9205
-603
-2123
3931
-224
7698
7338
1794
-7121
6199
-3411
-3141
-4825
606
-310
-2515
2251
4729
-8934
4128
-1740
2038
5249
7746
-9739
7452
4373
6070
1372
-4729
152
9042
3018
-8111
-1290
-3971
249
-5607
-990
2952
-7221
-9234
-7544
2182
-5799
-1966
9134
-1499
7746
6026
-6938
-8630
-835
9113
-7327
9151
6729
-6007
9365
-2174
-9877
5475
4594
-6983
-2451
-7107
-1737
4845
-316
-9867
-2835
2305
3892
-6442
9928
-7733
8771
-9370
-1297
4364
-431
-916
-5723
-2344
-4132
2611
-4719
4399
200
2462
-2098
7487
4532
3518
-5995
7609
7948
-4892
-5126
338
222
227
-6560
-5136
-3810
-7113
8986
3235
-2218
-8047
-812
-7118
4278
561
6304
-3316
-1000
-8363
-2422
-6497
5041
-4636
-5804
-7105
-6994
5508
4859
-7503
-2278
1470
-5100
-8819
-7289
5626
-8641
317
-8228
6922
-5243
-8720
4879
990
-2343
4594
6835
3162
-4149
-5457
6438
2133
-1845
-7492
8692
-6833
-8227
4548
4506
-7945
-7245
-339
7039
-9390
4218
-7852
7833
-3772
-8484
6887
-2224
-143
3675
-3044
1337
3976
-8806
1804
4131
6672
8835
5464
152
9309
-4148
-5577
2962
3522
-1309
1183
-8103
5092
3210
5941
3772
9022
-6945
-8864
1362
9634
-2697
778
353
5568
-3416
-2261
-9623
5076
3013
-7632
-1120
7608
-609
-8320
-6102
-5750
4311
615
-4254
2615
618
4142
-2180
1530
-8496
8370
-1727
-4977
-3408
4732
-7350
-6663
2743
-9125
5459
4063
-6221
9475
1027
-5837
9110
-7253
-5138
1436
-3173
-923
1148
5532
-6322
1292
-9708
2451
-4981
4025
-1863
-7953
-4618
3910
-5159
8020
58
-595
4043
-7739
-5555
2136
2198
-8606
-943
-2876
-5902
-8329
1327
8873
4877
-7445
-9325
9437
5315
-888
1788
2641
-6199
-6199
7616
-8941
2083
8599
8390
-2958
1627
7850
-8086
-961
4652
745
7813
9683
-4411
6295
1901
-7596
-4176
5079
7515
9015
-8584
3792
7604
1947
-48
-2454
-8042
6529
-7944
5695
6903
-3399
-6562
-1537
-2232
-3418
7619
2185
-4121
-6970
-281
6362
5402
62
4244
-709
-9872
-3248
4633
1988
-1411
4531
-9463
1766
-5026
-318
-2991
4441
9608
486
8285
-144
-5269
-1305
-1121
-8191
-8130
-5135
-8321
2710
4925
8225
9301
-3108
5305
-9555
-665
7865
-6996
-9816
-7033
-2945
2200
-7112
7683
5530
-3000
7139
-9569
-8902
6537
3786
2067
-6038
1048
2065
9240
3352
4780
2593
2574
7135
8583
-3357
7894
-9046
-3268
-8531
-2827
997
-5930
-5626
-3779
-1288
-3098
1986
9929
-2539
5048
-2110
-5397
6909
2203
6470
-8342
-165
3863
-2335
6241
3178
8470
-6753
-698
-2261
-8665
8797
5236
4727
-2258
-3579
5690
6774
4451
-3734
-6700
-1904
6237
-6299
5912
1650
525
6765
-8386
-7383
-7263
1531
-8799
1490
7175
-1175
6169
7381
-8239
4103
-275
9022
3424
664
7806
-5618
-6631
-6176
-6843
-2428
5804
8440
-7877
-2000
-9117
-8258
-651
-8259
-2650
833
1258
-6583
-3024
2941
-5641
-3317
4040
-9922
-8455
473
-5391
-2738
-8893
-4566
-577
-3294
-8761
-9970
8756
8451
-3132
1091
3000
3957
2715
-4572
7898
-3441
-4321
-4635
-1307
-950
8384
8370
5599
5354
5311
376
-7871
-9430
-880
1557
-756
-1864
-1484
-1036
-801
2773
-4660
-7855
4118
9380
-7309
2818
2084
-2928
2350
-5489
2365
5354
-8393
-2994
-223
-2948
-4631
-5420
-3104
6372
9312
1109
-5429
-4000
4782
-2521
-5313
2086
6291
2587
-4683
2014
4621
2032
-7568
9163
1848
-1333
-5876
1694
-5222
-5318
1618
1469
-4897
7088
5177
6741
-5701
4081
-4487
5890
-817
8424
-721
5460
4104
-3916
4056
1833
-5476
-9435
9197
-2866
-3905
8808
-3121
-6087
-4625
2644
4262
8791
7640
2844
-1506
4588
7684
-4888
8297
-1612
9693
4034
-285
-4107
369
5431
554
4692
-4848
-9041
-5891
-9843
-5903
2966
-5415
8887
-747
-1231
3906
8706
-146
7274
5554
-660
-26
-1582
1425
-3432
380
5337
2583
2792
-3898
6153
1125
8076
-8731
-1745
-7113
6635
3414
-7050
2989
-8527
-5046
1160
-2857
4700
7820
-7373
-5220
6013
2377
7978
-5553
-5152
-1770
2025
-9469
8796
4877
4958
-5897
613
-2614
2015
-9993
318
3192
-9895
6843
715
1314
4897
1499
6424
-4139
9044
7689
2590
-8465
-3941
-3759
1471
8970
-630
-6094
9435
6756
4325
6258
-1351
2434
-2313
-4789
-8253
-8890
-3851
6738
1289
6616
2386
-7100
3064
9748
-8970
-9272
9054
2679
-2296
-7131
9233
-4365
3371
-2168
2729
6190
-1650
-6140
780
9636
-4072
8881
5545
-3696
-9712
1551
2443
-2289
-719
-5175
-6120
-1374
1983
-5245
2202
-657
-9768
-7174
-5189
6544
6168
-2765
-3259
9014
9042
9510
-7514
-3511
-6662
-8088
-7032
5200
3151
-1956
612
9159
7429
1252
1438
-4930
-495
6041
-3503
-1924
-9758
2117
-6877
2990
-2675
-1659
-2027
9123
-5328
-1638
8924
8856
7101
-4930
-6703
3286
-5291
-7790
5407
7355
8062
-378
-7028
-4211
-655
-8272
2396
-249
-8538
-8986
1933
1534
-1570
5160
-4544
-9749
-9097
5724
-3021
-1514
-6347
-858
-413
-9183
-4018
6318
7971
423
6737
-243
-8582
-2175
6972
-2957
-9630
-2903
9280
4605
2417
2331
-5404
9574
6606
-4131
-3726
5021
-6417
2768
-4484
-2214
3718
4653
-8955
5414
5365
8357
565
4393
2570
525
8122
-289
-3919
8095
3126
2686
-3580
-7098
9940
-1893
7438
8009
-6200
-1473
5418
7816
-4388
-6388
-4311
9513
943
3250
877
-6309
7136
4397
-187
-8607
4848
-1482
6797
7378
2282
-6878
4012
5256
-4492
-5441
6924
-1953
-3867
-5232
-7676
-3211
4737
-8763
800
9652
2138
-3113
-6290
9917
2274
7875
1673
4223
-1570
3550
9681
-5022
-462
3243
-1996
-5772
-6123
-2585
2023
-1500
-4819
2094
1500
-7703
-9946
-8657
802
2788
6459
-631
-2169
5080
6648
-1856
-780
6372
9153
3973
8365
-3426
797
6266
-2592
1936
-564
-590
9330
-8623
-4882
-9056
3194
-266
-6614
-697
-4172
-3304
-5676
2434
-736
1028
5578
140
7578
1527
-3955
-7047
8822
3197
-9901
-7808
-1488
4038
6439
-7079
-6325
6052
3502
6080
-4306
-7915
8119
6762
-158
4698
-9020
1831
-2513
-8982
4140
1663
289
-8363
-5153
-6916
-9913
-7565
6113
8346
-5719
-638
2110
-3750
-6615
-9268
-1883
-9870
3216
-6670
-2253
-5842
2720
2739
-2433
5094
-2768
4723
-2041
-7597
8
-1567
8128
-680
5985
9293
4146
7310
-6626
-8786
-5100
-2363
-5827
9034
-8640
-9070
-3023
9171
694
3997
7343
968
-8862
-593
-5595
3792
-9511
-1361
-6224
8209
777
-6490
7123
4514
-4303
-9243
-6000
-3403
1206
-5404
9237
-4777
-4896
477
9041
-4406
743
-6760
7190
2552
-1528
-2933
7567
-1340
3345
3481
-3156
-9851
-2426
-361
-4116
792
-4022
8468
6801
-3933
7168
-2561
8798
-9695
6727
-2925
9209
-5415
-9754
5778
-2361
6793
-1484
1444
6332
-5734
-6058
-907
9333
-2048
6236
-9367
-8604
7890
-5882
3706
732
7369
-8617
3646
3175
1521
-1430
1935
-5386
2233
-3369
-46
-1735
9891
6106
-2920
-4691
6088
6623
6923
4376
6671
-712
1377
-4782
6765
2919
-4140
9366
6838
8498
961
-4403
4687
5430
-1286
2355
1231
131
3667
-6529
-9533
8258
-8547
-3136
-8955
3169
2851
8381
6380
4082
-2890
6232
8643
8829
3695
2967
2460
-625
-7717
1297
-8261
-6352
8979
5081
-1730
2601
-9238
8433
1859
2430
802
3806
3433
7375
-3075
9651
4222
-6909
2088
-2772
-4069
-5576
-7422
-9325
-3267
9270
-9140
-3050
4420
2978
7363
4982
-6438
6110
-4765
3289
-2393
-5734
-2362
-1018
540
-1221
-7726
-6655
-5871
1585
-8972
6542
-1339
-4179
1805
7430
5245
-3429
2174
-7875
-6666
706
5302
8660
-5356
-7827
-7039
3859
-7635
4502
-5951
-7214
4285
2481
8062
695
-8759
-3317
6395
8480
-5901
6629
4558
-9623
-3514
-5519
-4491
-5834
5704
8661
-8784
-3645
2130
-974
-4404
5921
7946
6262
7049
-1604
-4129
-230
3763
6288
-4652
-9554
-2061
2976
-6535
9687
-5942
-9885
-1597
9710
8272
-2913
6426
4602
-2703
4555
-3530
-4620
-2559
9641
-78
4795
831
-6281
4562
1735
-8258
9703
-2290
6455
-4929
-1309
-4248
4992
-9185
2126
-8021
-5493
1702
-9694
6940
1942
-7205
-9906
8470
1976
-1154
7029
751
-572
2636
-8820
3755
3231
-6767
2162
4249
-1700
2825
-5507
-2231
-4782
-5356
-1503
-7382
5992
7644
-7109
-5090
-9456
-9558
2442
-2903
1419
1088
893
-1133
5412
458
-4634
2433
3875
-8187
-7076
-4085
-6753
-3765
-9511
-6856
1326
-2554
2104
-9195
173
9927
-6096
5426
-6551
8551
-9130
8608
-2763
4868
5117
-4251
8698
1339
-3378
5133
7050
-4081
1023
9031
-825
8628
7934
-9749
-9389
5853
-7787
4895
1570
2515
-1911
6627
-3537
244
4637
-8564
-4699
63
-3265
-9449
6033
-8956
9004
1482
-2116
7976
-8616
-1621
-48
-3414
-3528
-958
-656
884
6348
6569
4639
8939
9399
-6623
8358
-4253
5484
-8273
-632
-666
2033
-6275
-6514
4796
-9437
-6747
5712
-741
9916
-9607
-8022
5106
-9430
4634
1528
4363
8276
2542
4776
-8276
-5913
9185
4176
-7267
8900
-753
-8150
3760
-4417
-2897
2288
6770
1618
-4075
6095
-7591
-8504
8311
-6894
6487
9926
4173
-4636
8572
-2033
8922
-4832
176
3903
-5514
4638
-3599
-9817
2265
9996
7141
3194
5201
9820
-1293
6869
8170
-3232
-2790
-4646
3659
-8964
5120
9993
4542
-7554
-8612
7530
-2864
-1001
-1035
-4496
7184
-2402
-3008
5383
539
7360
7162
-246
3017
-1276
-1366
-5935
2811
1374
-9860
365
-2208
8093
-4790
7242
5288
1946
5508
-2832
8332
-1937
-3108
-7195
1510
4576
-7967
-5283
6774
9576
706
4192
4989
5375
7172
-5025
-7786
3785
-7245
5763
6542
2062
-8348
-3777
-5262
-4071
8975
255
-1741
1569
-1463
4770
8069
313
-7847
8197
3525
-3828
-2000
994
-8142
-4938
8567
5640
-5259
-6700
-7760
5632
1436
-5902
8969
1466
-8977
9307
7121
3017
-8149
-4837
3553
-4288
8065
-9007
7185
-4537
2663
1836
-1301
-8492
1988
3068
3236
-8674
9848
-1504
846
-5959
-3539
9398
2083
-860
6173
-3547
-1346
-5406
-381
-8484
-2279
9268
-2000
-1708
-7358
-4714
-410
539
7927
-1913
4035
-2775
6147
-7185
1203
7999
-6741
-829
8158
-4430
-5003
4066
-9059
-7357
-4639
1403
-8371
-8678
7493
-3493
3312
1502
-2460
6403
-8003
-9466
1739
-6584
96
-7974
4873
-134
-707
5323
7052
-6301
8857
5218
867
-5765
2394
-8083
3415
-2671
-8908
6243
-7228
1703
6832
2867
-7014
5897
-2078
-6422
9345
-6929
9729
-7265
-6161
-7775
9761
9705
7234
5353
-3268
2509
-642
-6479
3582
-1087
8716
-8257
-4677
-3529
-3206
7687
-7264
-8348
-7911
2969
2684
-8888
-5398
7511
-6309
8875
-7440
5947
-604
-98
6284
-6621
-8674
3530
1906
2550
2923
-4786
8029
-8735
702
3498
9879
2816
-9716
2416
-3963
4767
-198
4429
-7616
-8763
5809
842
-1200
1164
-8632
2508
-5528
4935
4779
-7004
4992
2912
990
9181
-7918
375
-1583
5997
3311
2473
6378
-4887
-2469
-3377
573
1400
4152
-7522
-2284
3711
-1332
6137
-3221
9087
-8098
-3442
-2968
8069
5798
5973
-6702
-6005
-9507
-1017
-2297
4329
4257
2833
-9761
9782
7624
3185
8958
-5148
-9413
-6005
-6904
5330
6449
-580
-5379
-192
-4535
-944
-9071
-8746
-8021
-3837
-7900
-873
1118
5322
-3434
-9921
-7981
6426
-5304
-543
3601
-6408
3312
5109
-3416
-935
-8214
-4912
3260
-3460
8004
2989
2778
6161
-523
5912
7338
3922
3799
-6169
-8513
-9759
7268
-1853
-4008
889
-9567
4133
-6393
2540
6727
406
-3272
-7715
-8163
7564
2033
6061
-141
3538
5220
7578
-3174
-6327
5104
-4073
-4517
5075
371
5990
-7194
698
-9857
-4849
9145
-5026
-7166
3132
4078
-6651
-1791
688
8759
-5100
-4547
-613
-6764
-6617
254
9603
7262
8417
6982
-6240
-240
-408
-5934
-6062
-563
4238
-979
2276
7317
-7822
-3462
-1090
-9000
434
9192
7801
5770
7782
7259
-2648
-9157
3455
5808
824
-5919
-8020
1182
-5122
992
3754
-9643
5698
4661
6561
-2690
-9984
3042
2661
-3736
8801
-8253
6015
4185
-9305
-9803
-4451
-3973
1744
-2037
5672
-3391
9549
9521
-8590
-5831
6417
3164
-6461
4046
5814
-7250
6986
6018
6515
7341
4563
3985
-9733
513
-4999
2223
6382
9001
-6410
2706
978
-58
-3185
7268
-5878
4444
-8454
3350
-3206
-651
-7889
6348
5015
6484
-9865
-1053
7454
9818
317
6672
-3049
-5383
-636
1887
-4
-9644
-3918
-4133
8713
5834
930
-5244
8259
-1282
-1736
7995
-3467
40
-3935
4713
3935
6701
-9676
-5876
-7417
-5802
4140
6926
8545
-8264
577
7740
8756
798
-292
9246
-6756
6715
-36
-4479
978
6817
-6429
-9235
-7693
-8885
-9552
4869
-1865
3897
3937
2776
-1711
-3663
4703
-3683
9253
5322
213
-4675
-1487
-429
-6827
-3997
-9858
486
-6258
6591
-1063
-2323
-5863
-1510
2425
-2062
-1669
-3049
7485
-6067
-5078
-1248
8067
-250
127
-8496
2867
2961
-799
5299
-9536
9637
-7468
8831
-2757
-3924
-2924
-6490
6907
-9671
-2715
9373
1604
-4967
2097
7361
-9934
-3131
-5101
8200
381
-5754
2296
-8306
-1575
2670
9496
-4679
9031
-3859
-7164
8612
9740
-2027
-4115
-8269
-4057
2525
-9077
8524
9850
5763
-2151
6033
2215
-7207
53
-2206
-2722
-1110
298
-8741
4811
5076
-3737
-3955
-7007
7152
-8414
7555
-3071
6494
3375
2082
297
-7014
2589
3910
4357
3931
-4474
1254
-8469
8463
3882
-5366
-5765
6884
3235
2055
416
-6034
-1565
6125
3622
-5646
-7155
9801
7266
6584
-389
-395
3958
8526
9306
1049
3916
-5007
405
-5318
3025
-6687
-2683
4377
-5160
-6327
3340
-3613
687
5822
2481
-9924
8593
-5455
-7813
-9210
1445
-1850
-8119
-6595
2729
8984
-8359
-874
3120
-6121
-1683
-5056
9076
-9643
4376
-1698
-6038
89
-3659
9366
-5673
8554
2799
-1706
-6253
6717
-1425
-4032
972
228
-6563
-7910
7375
-2157
-1104
406
9239
-2624
-1718
-8019
7934
7115
-8333
8904
7831
7965
8392
1707
5878
-9528
9683
3494
-4648
-4874
2884
-1495
-5983
-8790
590
-4266
5213
-2708
6484
-2749
-2283
-9878
-9804
4218
9018
297
8500
-8015
-543
1425
-7192
8688
-4292
6172
-6636
-4070
-3015
-8901
-5465
5221
-165
6194
3895
-3222
8163
-4972
2084
7959
-7161
3569
747
137
-5506
-9859
5612
-5681
5466
9402
2782
-9453
-8822
-9577
-9514
7937
5539
5837
1119
7393
-4502
9444
1158
-5343
5367
-5319
-5467
1494
-8128
7313
-9512
166
1656
1930
4179
-1517
1532
-7368
8446
1878
-8661
-8152
5233
7734
-3985
4272
9035
6622
-6549
1517
7778
-8870
-8712
2157
6162
3745
6617
450
-6424
8283
7705
2908
-1852
-2458
8178
-6708
-5316
-6248
-8870
4477
-8921
-3794
3603
9050
-9721
4928
-8190
1666
2857
-9645
-4238
9581
4037
9899
1038
-4994
9244
752
-1261
2845
7691
-9241
607
6692
8291
8225
-2875
5925
-3068
-6113
-3629
-3674
4738
-2035
-7154
-4097
-3215
-1643
1238
7466
4789
-8767
-7358
-9343
-6175
9426
-3991
737
-8563
3559
-6763
-8895
1357
7264
-5714
6834
5815
-5332
431
5100
-6100
-5117
-872
-6562
-182
7126
1431
-4384
-3419
3267
5190
-4026
-5908
299
-7569
699
4469
7623
7920
2785
2600
-9624
2239
4673
9557
-9794
-3343
-2219
-4715
-1703
-8177
-9388
9022
-5565
-2233
3119
-6129
9301
-9653
-2002
-1111
-5070
-7329
-4253
-9311
6519
1850
-7659
-3908
-1153
8649
1746
-5071
8748
5717
1410
-341
6569
8572
-6338
4032
-4950
-1519
-5986
2657
-9894
-4788
-6079
551
4189
-4782
-6183
8458
8199
1984
-9520
6469
6828
-2791
-6761
-8500
4501
-9417
-2580
-3093
5873
-4775
857
8004
-8595
8744
-3644
-6536
-8541
8819
-2939
1055
-9843
-66
-6447
-2530
-1393
-8184
-2613
8317
-1861
52
-5394
6894
-6251
-8071
-2001
6288
4054
7237
-7514
-3908
8404
7818
6690
4550
-1369
-5784
-549
-7472
9037
-7399
5575
1638
-2765
7052
-624
-8859
-6483
3474
-9385
982
3186
-2355
-2265
-1913
773
-4524
-8973
421
2469
-5149
-3720
-3709
7726
7023
-1817
7832
-709
3406
-3318
188
-8122
-7085
-2958
2041
-2289
3291
1627
-2070
-5711
6674
9007
1946
-6049
1874
3057
9251
394
-2369
8102
-4151
6339
3465
929
-6795
-760
-8567
4739
8294
798
-7181
-6858
1964
-9350
-9329
-3875
5943
9116
8434
-4170
-301
4658
-9926
9960
-938
6851
3669
-6422
9657
9030
-3339
8067
-1442
-1382
6546
9491
-2342
7150
-3315
-9309
1214
677
-8364
3511
1280
-4952
9553
2873
1009
-4188
9972
956
-342
-5544
9764
5136
-2122
2054
-6375
2824
629
-1792
8551
6692
-110
228
9783
1950
-8264
2699
-3418
3741
1306
4332
8047
-5261
-816
4432
9117
-6539
4519
7316
6022
-6363
-824
1686
-7114
-4369
-5287
2220
6181
-1230
2471
5307
-7500
-6671
9631
-2143
-3390
1172
-4695
-9145
835
-371
-3187
-6142
-1440
-6958
8567
-4369
9959
-1532
-6821
310
-6637
108
1288
1402
-3105
-2675
-8122
-8067
-1890
-998
-4302
-9695
5254
-946
-9617
-5143
9471
-8382
-1282
2629
7307
2299
3299
-6997
-6147
-9662
-190
-7618
-1413
-3404
-7336
-8623
7923
951
2530
1673
6280
1078
-3648
7516
5904
-4783
8626
2604
-419
7803
-1300
-2572
1908
-959
7163
-9799
-7320
5882
-224
2192
-1812
-4449
-7460
-8931
9168
6665
2003
-4641
8302
-8472
-6941
-1888
-1893
4724
7244
-737
9631
8042
-3028
-8022
-9731
-6903
-3912
9561
1607
-4672
2915
-4725
2927
-2137
-4262
2382
-5557
-2997
-7417
-1672
270
6267
9779
-6803
9708
-2327
259
-4337
-4940
-8036
4426
6564
7788
5228
-7243
-4604
-5767
2753
-5474
7142
3152
2798
-9063
-8667
1727
5499
3052
8834
-3389
961
-740
-2647
4356
1683
372
8649
-899
-573
-2839
144
6416
-1136
-8051
-5578
449
-3905
9647
7331
5736
989
-1741
-3648
-9769
-4342
1364
8373
-6254
-9244
-3879
-6737
-683
9519
-3111
-4583
5445
-7926
-8001
-4231
9209
-8090
-4995
-9170
-3663
-1120
-1942
4192
6401
-3746
-2428
7130
2261
-2641
-2557
-4745
5768
8198
-2888
2365
1929
8753
9609
-1754
7409
2735
-8976
-3506
-349
-2828
-6661
2001
2039
-7041
-9128
-258
-5498
-1560
7721
-6404
-6146
-5658
-5826
1402
141
-8969
-3866
-9446
9522
-3466
-2231
6748
-22
-8416
-5793
4109
-4673
-3865
-2464
-9092
-2702
-2653
1190
-8117
-971
-9896
-7053
211
537
-4719
-4849
-3470
6985
-3044
7702
4948
7669
-1107
-3558
-7564
-3228
2096
-2870
5312
2072
7129
2535
-5748
4509
-528
-3806
8605
7200
2019
-3024
-9683
-4980
-7775
1846
2649
8344
8707
-2696
-1843
4697
6720
9932
7286
-4040
-638
7686
-2968
4202
-8276
7107
3821
-3245
746
1990
3656
-7222
3481
-2104
-8439
4450
-9748
1649
-3845
4418
-2793
-9408
-1007
6528
3052
-789
-9878
-8002
-3900
7999
5498
9950
7931
4288
5839
1389
4351
2305
2043
-7690
2805
7305
-2163
-12
-8969
5717
-5703
-5178
-5371
-7411
-4339
3026
3621
6324
7712
7031
2821
-9100
-8523
-7211
-8270
-6019
4439
159
6924
4679
-5287
3216
-8579
-3685
814
3640
2260
-1592
6732
6732
2232
-7681
9470
4493
5078
6117
6079
1184
327
-8136
8756
-8581
1914
7034
-7839
9285
1827
-4649
7663
1433
-8752
732
-4149
6009
-8737
-469
-6096
7354
-644
6331
-7923
3601
5537
-9818
-9339
-9058
5608
-8367
-5743
-5954
-3423
4514
-6580
-37
-6734
4465
248
-3062
-457
-8960
6851
-4594
-1887
-9479
-5126
-5473
-6855
3467
-7667
8525
4535
-1085
9798
-5277
-9261
3580
4293
46
1241
-8984
3380
4010
-8334
7402
-3695
-3182
3800
8616
559
-6885
-4548
5049
2112
1972
-3233
-7649
9713
5528
-1781
2548
-7017
6638
-1377
7470
-3480
-390
5415
7672
-8151
-4630
-2204
-9655
660
248
7571
9246
-5650
6785
1545
3544
3062
29
282
-8311
-7296
7448
5981
8930
6823
8027
-8413
-8020
-9265
-7379
9838
-4077
-9043
3963
-2781
-9613
9124
8520
623
-9562
-1175
-3730
-7204
-8165
1648
6219
-5787
4327
-6798
1909
-9071
1698
91
-6793
3270
1764
6463
9754
-1427
-2350
8494
5842
6910
-7393
-8976
-8101
-729
3424
2074
-7405
-723
4378
-4337
365
2751
8624
-2468
-2361
1232
7785
6941
-2394
250
-1765
-8415
6089
6849
5979
3563
-7046
8991
-948
6368
-544
-723
-9731
-710
-9999
-4976
-6116
-4595
-4075
6031
-2211
2565
-6658
-4103
-2550
2829
2142
9567
4942
7700
-7919
6411
8762
-8538
7630
-9975
-985
6361
5188
-3383
2916
-5908
-560
-9446
-9512
-7385
8737
-953
5612
731
7219
9339
4404
-2059
682
8642
9453
8526
-583
-785
-3557
-7140
7784
9615
5404
5676
-5231
9158
7917
2307
6490
7070
742
2910
4542
-6419
1770
-713
-3425
-9009
2616
-8177
-3201
-5108
-6181
-3632
-4560
4044
-4919
-7113
-5429
-3914
-1517
-9539
-7114
-3544
-7433
-894
-8405
-3761
5378
1854
8134
-3462
3652
-8479
1398
-6907
-8334
3271
4448
3015
1813
3628
7987
-1546
-590
2951
-1661
955
-5992
-3433
-6332
2868
6954
-7811
-4161
-524
751
1993
-1125
526
-903
-3887
4706
-7874
-773
8248
3148
6137
-3505
1192
-351
-1382
5498
4980
1782
1467
-5659
-1748
9250
3742
-6486
8348
4995
8639
2403
-3217
9699
-4098
5641
8158
1579
2126
7545
-3264
3951
6226
2269
8730
7937
1772
-8123
9912
7466
-9086
-9620
-5562
6377
-3813
-3453
-35
-289
-3286
-9952
-697
1815
-7822
8535
8273
9563
1340
-8044
8706
119
2258
-2835
-3025
2772
3764
-1838
1321
-5515
3613
7247
-3263
3360
-3282
-2242
-7303
-812
1808
2685
-4954
-2050
7480
558
-4530
-6373
-2882
2594
-9690
-3702
-100
7636
2471
-1015
6610
-7789
-3824
-1181
8170
5606
9896
-737
-9940
-8206
6834
5372
-5198
282
-5782
-9857
6172
-4343
-3577
6181
1801
2816
571
3854
-8376
-2502
-1444
5768
2132
4587
-3837
7549
4554
-9565
-2351
2474
