210
1000
109 582 67
866 1381 99
530 1227 68
680 1277 30
1167 1385 84
830 1374 34
972 1427 31
923 1350 82
581 767 43
735 1326 81
536 1077 31
808 1141 45
974 1356 44
316 823 31
621 1339 54
797 1392 80
214 1167 86
895 1369 39
1096 1362 48
1330 1398 38
602 900 84
518 1016 98
315 623 36
920 1165 42
952 1178 50
640 1378 32
1211 1386 78
36 688 33
861 1359 68
470 831 84
217 989 71
1002 1361 40
494 1005 89
1146 1397 93
922 1340 33
40 251 74
410 1116 82
892 1379 31
865 1256 61
738 1402 84
728 1427 79
435 825 32
797 1402 83
412 1235 72
505 1020 68
675 1254 51
232 866 34
1062 1414 88
1052 1419 72
346 1174 97
1178 1399 57
1133 1349 82
23 565 47
523 1212 100
527 680 31
1071 1430 91
550 956 73
898 1298 98
677 1069 38
856 1007 46
982 1185 41
1019 1397 78
290 1075 97
1219 1429 96
223 744 77
263 953 83
123 579 79
421 1421 99
584 1274 43
692 1391 69
1057 1401 69
1042 1413 42
1082 1385 40
927 1340 40
34 746 68
1141 1417 46
1144 1397 60
206 1122 84
881 1417 97
905 1311 96
649 1387 91
1028 1368 33
118 330 52
935 1415 96
827 1361 30
405 811 90
951 1152 72
1081 1415 94
327 917 88
71 917 81
1316 1375 51
613 1142 31
114 826 95
978 1155 41
1194 1367 91
918 1326 59
1136 1319 87
346 598 65
859 1410 45
95 619 75
392 1256 36
759 962 31
1012 1230 77
1158 1328 43
699 1409 47
192 540 63
583 1438 67
506 1001 90
394 1327 46
803 1400 30
154 815 82
270 497 46
12 683 99
5 788 80
362 1254 37
372 734 68
1225 1393 90
738 1393 56
385 1294 55
1113 1429 67
1047 1395 50
1052 1383 77
857 1356 91
536 640 97
905 1213 77
998 1383 57
85 969 100
1056 1356 87
355 858 53
1056 1245 71
344 451 32
406 599 37
582 1365 69
32 305 98
573 866 80
363 1209 56
878 999 55
932 1377 94
107 1077 65
303 1210 96
772 1390 98
1031 1159 88
1285 1396 38
1143 1407 48
1120 1290 76
237 641 47
853 1405 49
970 1337 91
483 796 53
1264 1362 69
1293 1423 37
215 442 96
3 416 35
698 971 39
533 1356 32
461 868 59
1029 1348 89
420 873 84
1025 1372 66
914 1345 71
1293 1391 67
344 1326 46
791 1377 35
140 696 47
936 1366 54
1135 1354 46
109 751 62
896 1387 88
869 1188 86
268 534 100
1007 1370 43
1025 1377 71
435 1247 80
1057 1361 76
1208 1407 79
1182 1432 74
1022 1419 55
1214 1411 56
14 817 76
956 1342 38
1317 1404 55
939 1389 78
594 1418 39
1292 1377 86
129 962 38
843 1375 95
838 1387 60
1192 1406 34
866 1414 64
1041 1387 97
870 1054 72
705 1421 51
112 369 69
939 1375 49
1060 1380 84
1156 1420 32
1187 1343 100
106 318 91
893 1043 30
609 1230 50
175 572 31
866 1410 53
751 1354 82
1003 1411 44
910 1325 53
151 713 67
844 1425 32
703 1381 32
545 1182 63
459 1085 53
489 1367 41
772 877 43
495 1430 49
1212 1387 63
1070 1377 91
751 1369 87
620 1255 57
165 277 73
442 608 55
80 416 89
962 1407 41
1242 1393 31
1218 1361 50
577 1249 63
1308 1406 43
765 1421 74
211 482 62
357 893 46
376 909 75
1163 1365 70
1138 1402 77
13 590 75
1279 1402 76
129 297 98
520 1055 38
187 346 54
1325 1387 71
810 1095 59
475 911 83
218 693 62
494 918 60
324 685 62
150 1133 99
894 1268 61
668 1356 83
152 923 64
273 1207 64
1023 1206 58
218 785 54
934 1387 59
289 566 55
951 1259 61
114 810 80
1036 1161 43
1228 1411 60
983 1402 83
287 805 31
697 1407 54
896 1280 38
377 761 80
724 1360 48
771 1298 62
779 1388 80
1095 1387 86
812 1337 85
1251 1384 80
981 1363 45
206 654 83
296 607 98
901 1070 55
714 1094 80
1324 1408 82
68 706 81
197 512 59
159 930 40
1284 1344 82
815 966 83
1114 1370 43
727 1144 81
393 1116 72
835 1377 92
609 888 47
986 1405 88
931 1380 88
747 1247 90
467 1295 86
742 923 99
354 1071 82
434 1304 59
37 555 74
492 1055 56
509 1234 50
308 1251 100
304 868 44
198 560 66
290 769 49
985 1318 55
314 495 42
570 1108 50
482 1139 80
790 1043 90
1134 1354 78
352 1244 65
106 471 47
906 1383 100
1236 1391 58
252 1145 55
243 793 81
140 1106 86
799 1398 84
1017 1216 64
1146 1417 99
809 1424 78
92 405 88
199 643 93
683 1101 93
967 1415 81
301 1151 90
678 1075 66
33 451 92
315 824 50
37 977 86
761 862 82
308 700 72
145 607 63
693 1123 43
864 1392 53
73 933 76
44 840 66
674 990 73
1283 1417 86
585 1158 31
735 1355 74
359 799 75
880 1408 51
99 404 31
906 1059 81
580 950 82
629 957 74
1258 1433 79
701 1372 32
1308 1365 86
669 1297 44
556 840 80
1020 1344 67
1230 1350 51
42 152 52
571 1381 42
1101 1368 63
215 587 77
178 279 78
954 1398 59
333 868 55
475 1345 50
644 1309 63
596 1127 46
1277 1387 85
55 741 38
790 1289 86
744 1058 81
707 1086 77
1028 1430 39
673 1409 35
1034 1398 83
870 1316 93
186 389 38
1109 1240 40
8 1005 72
482 692 78
468 613 96
1033 1428 58
990 1381 74
382 698 72
155 584 41
747 1372 30
744 1013 62
530 1230 44
1305 1392 49
1226 1359 56
134 954 82
1191 1363 85
1207 1364 89
176 1069 98
575 707 62
390 602 96
1066 1341 75
759 1389 77
579 1341 64
1256 1376 76
1022 1274 76
506 1020 99
177 957 93
1276 1358 55
778 996 33
1286 1429 83
250 720 55
6 840 88
237 891 52
721 1060 82
492 1156 31
1100 1410 50
778 1361 89
3 182 87
397 1365 60
358 1348 70
722 1325 52
857 1058 81
338 833 100
106 376 38
737 916 43
1059 1429 75
141 873 72
385 496 89
1209 1366 49
679 1259 71
224 835 95
293 949 48
123 1036 43
313 1078 61
334 698 97
722 1345 74
1 346 31
1089 1228 89
330 600 80
1194 1340 95
519 1034 54
1287 1375 67
603 1128 62
626 1038 38
722 1227 63
1191 1348 97
769 1401 38
16 838 68
657 877 99
181 694 33
679 1414 72
36 426 43
362 538 74
870 1076 93
448 1257 64
212 1094 90
897 1405 95
1185 1370 77
617 984 87
1113 1428 93
978 1419 99
241 390 70
452 1438 68
531 1205 67
259 903 72
1121 1398 92
611 1072 53
664 1012 51
1305 1395 39
292 1246 39
1149 1381 49
265 647 79
982 1356 37
257 1114 61
831 1391 32
1233 1394 74
200 323 53
483 1072 96
241 754 75
718 1349 47
380 1283 46
12 800 74
1088 1426 89
1037 1427 74
540 1376 84
694 982 44
1253 1364 87
1240 1420 62
606 1371 87
667 1311 30
563 1029 67
567 1392 80
1227 1367 79
892 1407 40
929 1223 46
621 1223 57
711 1238 56
654 1127 60
506 1234 85
1290 1385 74
942 1355 48
407 654 59
749 1404 36
814 1264 89
1195 1340 52
1249 1389 51
699 996 94
1258 1421 65
339 1166 30
1228 1367 53
354 633 76
1172 1364 36
1147 1417 30
180 590 75
798 1367 53
477 1037 75
814 1362 61
921 1370 39
1241 1358 79
862 1260 53
1313 1343 99
713 1402 53
255 1051 91
807 1267 82
494 985 86
1338 1397 60
739 975 78
1195 1426 36
550 818 46
278 1194 81
1100 1409 52
396 1251 67
118 1029 35
423 1215 33
925 1372 98
298 1073 75
663 893 96
1215 1363 36
462 1393 96
29 922 93
199 727 43
795 1387 67
543 1372 42
43 585 86
1248 1368 55
1259 1343 57
457 717 89
17 882 53
335 1138 72
858 1374 81
82 369 63
951 1366 94
395 1138 70
104 691 36
451 877 33
110 901 80
674 1393 94
752 1111 64
997 1400 55
1263 1364 55
995 1360 82
179 848 54
686 1077 42
1098 1414 85
1019 1372 63
651 1364 71
1124 1407 50
611 1342 81
469 807 100
976 1418 68
1074 1263 80
590 751 84
935 1208 82
1264 1380 95
233 867 91
1123 1342 30
653 942 95
214 1106 99
554 712 54
71 524 58
603 893 83
177 1173 38
321 1251 69
780 1400 100
1032 1400 74
1005 1383 43
410 983 83
881 1409 93
1033 1349 82
865 1292 51
1027 1191 68
1110 1278 59
398 809 51
523 788 81
770 1261 66
1146 1411 72
948 1376 58
142 856 86
42 968 97
377 510 64
1110 1379 87
784 1419 77
951 1422 55
1301 1379 94
813 1397 74
19 798 76
1146 1377 35
2 439 32
489 1368 41
1129 1389 99
122 985 96
923 1145 76
900 1367 73
197 1125 69
1217 1340 74
1095 1396 87
614 796 82
468 1423 41
1308 1398 93
1190 1385 70
1017 1380 52
150 1097 45
605 1372 100
1037 1213 65
1196 1406 78
887 1016 95
570 898 42
5 609 94
685 1411 80
899 1348 74
513 1085 71
848 1351 71
905 1354 78
527 939 72
523 1059 83
1286 1419 51
326 1085 56
332 1144 43
835 989 57
1070 1367 33
37 514 84
505 841 61
1136 1423 63
1252 1342 92
925 1381 96
481 926 68
1175 1358 99
1005 1315 65
201 399 54
304 582 57
295 1068 42
567 710 83
452 1025 97
1337 1364 80
362 538 38
1262 1341 90
747 1427 59
949 1430 75
441 1069 35
860 1158 35
410 1357 77
969 1363 36
1177 1342 74
194 1132 58
461 818 64
355 952 60
601 1232 37
578 1429 99
909 1360 94
470 1261 31
700 876 83
128 902 95
1016 1421 70
167 1099 95
1306 1376 33
58 1029 100
765 1405 64
146 926 64
114 497 50
1323 1362 62
1190 1435 49
377 962 78
931 1406 87
630 746 99
846 1430 64
644 1389 77
564 1290 54
494 1131 48
730 1252 36
823 1165 97
504 1039 64
201 1102 61
463 631 87
1212 1398 85
50 444 37
569 1244 45
1317 1422 73
1134 1401 95
646 792 33
849 1131 56
345 1036 70
387 1211 41
169 512 34
158 722 89
1060 1206 79
51 1010 44
719 1356 87
1149 1374 54
303 983 35
176 1089 45
1077 1411 35
1034 1430 31
695 1355 51
1184 1345 97
490 874 74
897 1430 42
929 1161 63
1021 1341 31
1314 1341 57
449 908 44
974 1373 81
314 1173 90
1111 1309 47
604 1068 36
573 1384 72
829 1196 56
1249 1374 59
465 645 42
760 1404 72
5 580 42
550 847 91
665 1056 43
613 907 43
312 675 55
828 1074 37
21 191 61
1014 1310 30
1211 1366 82
653 809 46
21 588 41
626 1415 96
292 566 52
21 564 90
309 825 79
1258 1402 45
855 977 61
215 524 92
454 684 78
801 1369 87
654 969 75
581 1414 54
609 1063 35
585 931 95
485 1335 78
316 1154 39
507 1437 82
999 1402 78
1097 1295 90
1101 1398 71
608 978 88
1186 1426 86
1273 1375 65
469 1155 80
1164 1416 37
585 818 33
731 1373 83
711 864 59
229 868 91
1011 1278 33
467 1061 83
345 1208 94
1096 1405 30
61 1060 97
34 1025 66
428 713 98
85 753 35
1081 1369 79
29 342 62
974 1358 60
509 1045 59
816 1417 95
1070 1417 76
1217 1411 53
1006 1348 46
509 935 86
1121 1398 85
247 1180 50
174 440 95
380 995 86
584 1425 40
1022 1432 99
1243 1401 59
574 917 98
1297 1368 53
109 724 95
89 962 85
485 613 51
1298 1369 98
579 1241 55
231 393 65
700 1197 30
103 847 42
657 869 34
814 1427 88
1262 1342 67
912 1017 83
332 1316 87
417 998 68
982 1379 33
1092 1393 38
365 670 63
343 700 62
165 650 100
566 915 86
735 1171 33
1284 1399 56
1013 1399 45
405 579 92
388 510 81
790 1050 87
945 1119 33
245 931 61
322 1080 69
732 1422 80
318 1276 41
899 1271 39
1053 1415 96
149 1114 95
1027 1319 52
715 1078 45
320 1162 58
525 650 84
335 1111 57
921 1384 46
1288 1383 33
137 261 80
402 1197 99
968 1350 31
740 1388 47
50 962 98
1089 1340 31
1286 1418 96
179 827 71
592 1092 72
598 808 35
1231 1397 48
994 1343 90
322 875 93
389 859 86
255 366 53
474 668 51
630 1334 52
1147 1379 63
639 773 46
712 1217 61
1189 1381 76
339 806 55
1025 1341 58
1321 1354 47
238 988 42
1034 1313 100
440 996 72
1028 1359 55
748 1330 65
137 788 99
693 1358 42
40 904 42
1206 1361 78
355 725 54
906 1367 50
1138 1405 36
667 1361 33
623 1227 76
1142 1359 99
1175 1398 37
696 1173 68
813 1399 46
405 895 83
917 1288 40
25 371 71
154 981 90
1295 1377 62
1297 1387 75
247 886 90
1025 1255 57
1156 1341 77
545 1387 67
189 1141 34
460 1339 88
838 1395 65
325 1281 36
53 482 88
37 431 42
877 1414 78
850 1345 94
1198 1393 93
1285 1430 68
417 778 95
1054 1426 62
671 953 32
1237 1427 97
1080 1352 60
756 1255 47
1215 1404 74
916 1303 80
1072 1342 98
1002 1421 59
345 448 76
334 715 58
1152 1400 41
531 888 98
467 772 61
238 1014 98
1085 1374 84
1155 1360 33
1309 1407 66
742 1419 89
1269 1389 43
535 1292 44
691 981 87
1266 1407 64
315 1163 36
448 1177 62
822 1331 32
405 620 89
241 790 69
489 1175 98
1134 1401 36
755 1424 94
253 760 33
271 623 76
1158 1383 87
409 1089 48
636 1400 73
1156 1406 60
1115 1283 85
392 864 92
751 1310 89
749 1292 88
54 305 97
605 757 47
467 910 35
128 645 79
247 1171 35
543 800 79
1138 1407 99
964 1435 72
797 1429 76
1289 1421 67
815 1279 98
418 702 76
180 456 90
100 519 61
81 494 65
43 871 100
129 1099 85
1099 1436 63
1044 1226 49
1261 1368 90
315 561 48
376 1085 54
1054 1356 34
933 1117 82
1224 1416 37
337 754 85
280 1097 71
562 1258 31
600 858 94
1266 1360 86
437 1275 92
851 955 65
114 437 43
676 952 100
406 1217 60
138 938 90
1055 1167 70
621 995 42
895 1352 66
365 1314 88
1187 1356 51
346 899 84
1018 1311 39
1143 1353 100
566 1406 82
734 964 55
1247 1424 51
1315 1356 33
635 1390 81
1043 1259 64
185 517 84
367 679 100
242 1018 71
131 1078 47
230 705 59
1061 1309 35
530 883 55
1189 1409 68
823 1295 86
588 1370 99
138 805 51
76 634 81
227 959 82
663 1356 32
949 1253 43
567 851 53
281 847 54
1199 1413 71
362 757 46
1264 1409 58
821 1128 63
1337 1359 41
320 778 84
60 400 98
434 1417 36
93 677 65