210 1000
233
112
173
245
157
284
175
122
299
119
114
150
249
183
223
276
177
293
254
254
147
106
281
198
299
172
271
175
129
294
238
157
279
262
210
228
280
125
159
113
235
187
236
162
206
253
132
240
124
261
147
196
277
210
212
283
161
105
281
283
167
154
162
170
157
161
225
253
294
162
177
238
274
195
180
196
263
279
111
244
189
140
155
287
151
219
123
219
290
148
278
228
178
234
214
128
107
224
156
112
277
293
106
293
128
236
186
229
234
152
274
239
230
297
297
192
207
201
239
157
259
195
297
106
132
220
290
143
170
204
255
145
235
188
197
277
284
215
218
279
167
242
238
286
267
126
279
205
102
184
108
192
118
287
138
297
214
219
186
285
218
261
300
172
178
182
258
246
130
175
142
260
129
212
161
159
152
275
107
144
268
142
261
239
293
163
143
238
183
216
272
242
164
251
281
286
161
198
247
157
181
194
140
287
207
281
168
268
143
265
1 346 251
2 439 104
3 182 194
3 416 185
5 580 298
5 609 155
5 788 246
6 840 281
8 1005 112
12 683 149
12 800 185
13 590 242
14 817 105
16 838 291
17 882 219
19 798 172
21 191 132
21 564 135
21 588 219
23 565 253
25 371 143
29 342 222
29 922 283
32 305 243
33 451 193
34 746 144
34 1025 297
36 426 146
36 688 167
37 431 120
37 514 123
37 555 218
37 977 172
40 251 197
40 904 121
42 152 287
42 968 278
43 585 120
43 871 265
44 840 146
50 444 243
50 962 281
51 1010 157
53 482 278
54 305 251
55 741 247
58 1029 260
60 400 239
61 1060 257
68 706 133
71 524 155
71 917 210
73 933 207
76 634 183
80 416 203
81 494 139
82 369 193
85 753 133
85 969 156
89 962 257
92 405 105
93 677 163
95 619 273
99 404 289
100 519 200
103 847 176
104 691 240
106 318 180
106 376 280
106 471 123
107 1077 244
109 582 115
109 724 254
109 751 133
110 901 279
112 369 121
114 437 162
114 497 287
114 810 122
114 826 100
118 330 226
118 1029 229
122 985 251
123 579 178
123 1036 116
128 645 243
128 902 159
129 297 223
129 962 124
129 1099 246
131 1078 240
134 954 167
137 261 289
137 788 266
138 805 112
138 938 110
140 696 133
140 1106 218
141 873 240
142 856 227
145 607 134
146 926 120
149 1114 112
150 1097 284
150 1133 222
151 713 100
152 923 287
154 815 132
154 981 175
155 584 134
158 722 298
159 930 115
165 277 228
165 650 270
167 1099 150
169 512 128
174 440 181
175 572 107
176 1069 175
176 1089 115
177 957 250
177 1173 180
178 279 150
179 827 261
179 848 129
180 456 204
180 590 113
181 694 181
185 517 108
186 389 136
187 346 270
189 1141 249
192 540 109
194 1132 122
197 512 197
197 1125 141
198 560 205
199 643 222
199 727 172
200 323 235
201 399 106
201 1102 196
206 654 266
206 1122 280
211 482 275
212 1094 170
214 1106 200
214 1167 175
215 442 238
215 524 211
215 587 175
217 989 184
218 693 233
218 785 279
223 744 170
224 835 277
227 959 125
229 868 242
230 705 285
231 393 253
232 866 163
233 867 140
237 641 172
237 891 205
238 988 290
238 1014 295
241 390 156
241 754 217
241 790 250
242 1018 288
243 793 241
245 931 222
247 886 190
247 1171 132
247 1180 159
250 720 110
252 1145 214
253 760 178
255 366 145
255 1051 295
257 1114 234
259 903 282
263 953 159
265 647 230
268 534 276
270 497 291
271 623 248
273 1207 183
278 1194 292
280 1097 157
281 847 278
287 805 241
289 566 254
290 769 234
290 1075 164
292 566 159
292 1246 180
293 949 114
295 1068 256
296 607 142
298 1073 251
301 1151 125
303 983 273
303 1210 211
304 582 103
304 868 140
308 700 300
308 1251 206
309 825 137
312 675 168
313 1078 203
314 495 152
314 1173 215
315 561 290
315 623 152
315 824 124
315 1163 291
316 823 234
316 1154 215
318 1276 253
320 778 158
320 1162 295
321 1251 108
322 875 289
322 1080 229
324 685 122
325 1281 122
326 1085 242
327 917 196
330 600 210
332 1144 152
332 1316 259
333 868 145
334 698 211
334 715 142
335 1111 103
335 1138 239
337 754 153
338 833 171
339 806 147
339 1166 248
343 700 116
344 451 258
344 1326 122
345 448 201
345 1036 125
345 1208 144
346 598 246
346 899 116
346 1174 193
352 1244 150
354 633 293
354 1071 211
355 725 271
355 858 153
355 952 226
357 893 240
358 1348 229
359 799 282
362 538 198
362 538 224
362 757 164
362 1254 240
363 1209 286
365 670 284
365 1314 168
367 679 151
372 734 245
376 909 128
376 1085 118
377 510 179
377 761 184
377 962 143
380 995 276
380 1283 257
382 698 248
385 496 233
385 1294 281
387 1211 185
388 510 111
389 859 120
390 602 242
392 864 285
392 1256 287
393 1116 248
394 1327 133
395 1138 271
396 1251 288
397 1365 103
398 809 107
402 1197 115
405 579 135
405 620 113
405 811 101
405 895 202
406 599 195
406 1217 260
407 654 217
409 1089 197
410 983 183
410 1116 250
410 1357 293
412 1235 170
417 778 173
417 998 142
418 702 186
420 873 221
421 1421 159
423 1215 262
428 713 106
434 1304 118
434 1417 248
435 825 289
435 1247 149
437 1275 106
440 996 228
441 1069 210
442 608 201
448 1177 288
448 1257 297
449 908 156
451 877 113
452 1025 159
452 1438 104
454 684 104
457 717 262
459 1085 115
460 1339 249
461 818 169
461 868 152
462 1393 142
463 631 171
465 645 171
467 772 264
467 910 118
467 1061 197
467 1295 239
468 613 274
468 1423 275
469 807 191
469 1155 263
470 831 294
470 1261 167
474 668 193
475 911 246
475 1345 165
477 1037 183
481 926 193
482 692 295
482 1139 132
483 796 275
483 1072 289
485 613 221
485 1335 233
489 1175 237
489 1367 144
489 1368 110
490 874 106
492 1055 215
492 1156 281
494 918 265
494 985 178
494 1005 279
494 1131 195
495 1430 293
504 1039 239
505 841 190
505 1020 228
506 1001 276
506 1020 135
506 1234 142
507 1437 162
509 935 264
509 1045 288
509 1234 137
513 1085 110
518 1016 161
519 1034 270
520 1055 121
523 788 178
523 1059 256
523 1212 286
525 650 243
527 680 273
527 939 208
530 883 229
530 1227 271
530 1230 199
531 888 289
531 1205 169
533 1356 208
535 1292 251
536 640 178
536 1077 285
540 1376 233
543 800 284
543 1372 204
545 1182 138
545 1387 169
550 818 180
550 847 204
550 956 130
554 712 142
556 840 186
562 1258 233
563 1029 135
564 1290 197
566 915 132
566 1406 276
567 710 258
567 851 274
567 1392 200
569 1244 126
570 898 213
570 1108 285
571 1381 133
573 866 125
573 1384 165
574 917 287
575 707 108
577 1249 149
578 1429 190
579 1241 181
579 1341 123
580 950 139
581 767 131
581 1414 141
582 1365 172
583 1438 179
584 1274 293
584 1425 281
585 818 230
585 931 225
585 1158 259
588 1370 159
590 751 276
592 1092 104
594 1418 111
596 1127 111
598 808 160
600 858 218
601 1232 187
602 900 263
603 893 233
603 1128 127
604 1068 270
605 757 217
605 1372 168
606 1371 215
608 978 215
609 888 222
609 1063 217
609 1230 111
611 1072 221
611 1342 299
613 907 237
613 1142 278
614 796 195
617 984 247
620 1255 291
621 995 240
621 1223 227
621 1339 118
623 1227 106
626 1038 215
626 1415 132
629 957 282
630 746 170
630 1334 131
635 1390 289
636 1400 182
639 773 122
640 1378 222
644 1309 173
644 1389 208
646 792 293
649 1387 142
651 1364 272
653 809 119
653 942 123
654 969 154
654 1127 289
657 869 137
657 877 183
663 893 241
663 1356 106
664 1012 251
665 1056 128
667 1311 210
667 1361 210
668 1356 133
669 1297 248
671 953 144
673 1409 249
674 990 243
674 1393 156
675 1254 257
676 952 298
677 1069 160
678 1075 224
679 1259 216
679 1414 125
680 1277 189
683 1101 222
685 1411 224
686 1077 132
691 981 167
692 1391 203
693 1123 166
693 1358 197
694 982 284
695 1355 161
696 1173 236
697 1407 246
698 971 174
699 996 134
699 1409 130
700 876 142
700 1197 110
701 1372 292
703 1381 147
705 1421 134
707 1086 142
711 864 205
711 1238 296
712 1217 127
713 1402 300
714 1094 246
715 1078 133
718 1349 288
719 1356 250
721 1060 213
722 1227 163
722 1325 297
722 1345 219
724 1360 295
727 1144 259
728 1427 248
730 1252 170
731 1373 291
732 1422 298
734 964 159
735 1171 209
735 1326 283
735 1355 147
737 916 271
738 1393 167
738 1402 238
739 975 117
740 1388 165
742 923 195
742 1419 254
744 1013 117
744 1058 265
747 1247 166
747 1372 295
747 1427 111
748 1330 232
749 1292 181
749 1404 104
751 1310 183
751 1354 214
751 1369 141
752 1111 230
755 1424 228
756 1255 109
759 962 102
759 1389 261
760 1404 145
761 862 230
765 1405 122
765 1421 143
769 1401 242
770 1261 197
771 1298 138
772 877 124
772 1390 111
778 996 194
778 1361 295
779 1388 232
780 1400 232
784 1419 238
790 1043 280
790 1050 245
790 1289 169
791 1377 205
795 1387 201
797 1392 193
797 1402 267
797 1429 190
798 1367 165
799 1398 295
801 1369 216
803 1400 186
807 1267 248
808 1141 281
809 1424 184
810 1095 271
812 1337 239
813 1397 262
813 1399 273
814 1264 156
814 1362 226
814 1427 254
815 966 140
815 1279 108
816 1417 180
821 1128 219
822 1331 203
823 1165 236
823 1295 186
827 1361 115
828 1074 193
829 1196 271
830 1374 143
831 1391 247
835 989 209
835 1377 167
838 1387 289
838 1395 243
843 1375 104
844 1425 176
846 1430 143
848 1351 297
849 1131 161
850 1345 179
851 955 233
853 1405 176
855 977 224
856 1007 160
857 1058 204
857 1356 182
858 1374 200
859 1410 235
860 1158 150
861 1359 116
862 1260 144
864 1392 280
865 1256 120
865 1292 228
866 1381 226
866 1410 242
866 1414 284
869 1188 297
870 1054 281
870 1076 119
870 1316 295
877 1414 153
878 999 290
880 1408 170
881 1409 202
881 1417 126
887 1016 222
892 1379 184
892 1407 190
893 1043 201
894 1268 101
895 1352 159
895 1369 185
896 1280 191
896 1387 288
897 1405 211
897 1430 270
898 1298 163
899 1271 174
899 1348 272
900 1367 223
901 1070 186
905 1213 202
905 1311 260
905 1354 266
906 1059 205
906 1367 148
906 1383 129
909 1360 144
910 1325 135
912 1017 199
914 1345 285
916 1303 255
917 1288 293
918 1326 207
920 1165 188
921 1370 151
921 1384 134
922 1340 160
923 1145 212
923 1350 208
925 1372 216
925 1381 248
927 1340 213
929 1161 266
929 1223 163
931 1380 183
931 1406 128
932 1377 272
933 1117 175
934 1387 246
935 1208 142
935 1415 133
936 1366 184
939 1375 272
939 1389 252
942 1355 275
945 1119 200
948 1376 150
949 1253 114
949 1430 149
951 1152 150
951 1259 171
951 1366 119
951 1422 281
952 1178 163
954 1398 128
956 1342 210
962 1407 266
964 1435 106
967 1415 279
968 1350 175
969 1363 161
970 1337 293
972 1427 119
974 1356 272
974 1358 190
974 1373 212
976 1418 178
978 1155 148
978 1419 116
981 1363 134
982 1185 111
982 1356 107
982 1379 170
983 1402 217
985 1318 146
986 1405 223
990 1381 200
994 1343 264
995 1360 103
997 1400 122
998 1383 181
999 1402 189
1002 1361 115
1002 1421 263
1003 1411 290
1005 1315 216
1005 1383 267
1006 1348 294
1007 1370 226
1011 1278 253
1012 1230 228
1013 1399 276
1014 1310 236
1016 1421 254
1017 1216 162
1017 1380 258
1018 1311 229
1019 1372 167
1019 1397 273
1020 1344 159
1021 1341 142
1022 1274 253
1022 1419 300
1022 1432 291
1023 1206 285
1025 1255 222
1025 1341 277
1025 1372 172
1025 1377 101
1027 1191 174
1027 1319 194
1028 1359 247
1028 1368 100
1028 1430 209
1029 1348 127
1031 1159 134
1032 1400 287
1033 1349 272
1033 1428 223
1034 1313 268
1034 1398 134
1034 1430 114
1036 1161 177
1037 1213 281
1037 1427 290
1041 1387 240
1042 1413 177
1043 1259 241
1044 1226 116
1047 1395 294
1052 1383 247
1052 1419 201
1053 1415 244
1054 1356 135
1054 1426 184
1055 1167 129
1056 1245 191
1056 1356 102
1057 1361 232
1057 1401 105
1059 1429 161
1060 1206 256
1060 1380 293
1061 1309 219
1062 1414 203
1066 1341 208
1070 1367 208
1070 1377 242
1070 1417 200
1071 1430 127
1072 1342 297
1074 1263 228
1077 1411 143
1080 1352 283
1081 1369 266
1081 1415 199
1082 1385 293
1085 1374 219
1088 1426 190
1089 1228 118
1089 1340 107
1092 1393 265
1095 1387 165
1095 1396 137
1096 1362 172
1096 1405 168
1097 1295 207
1098 1414 239
1099 1436 134
1100 1409 274
1100 1410 119
1101 1368 139
1101 1398 234
1109 1240 128
1110 1278 165
1110 1379 209
1111 1309 193
1113 1428 118
1113 1429 239
1114 1370 182
1115 1283 110
1120 1290 173
1121 1398 141
1121 1398 146
1123 1342 266
1124 1407 287
1129 1389 279
1133 1349 161
1134 1354 215
1134 1401 144
1134 1401 153
1135 1354 151
1136 1319 294
1136 1423 278
1138 1402 211
1138 1405 119
1138 1407 196
1141 1417 146
1142 1359 249
1143 1353 134
1143 1407 285
1144 1397 156
1146 1377 250
1146 1397 276
1146 1411 167
1146 1417 178
1147 1379 251
1147 1417 240
1149 1374 264
1149 1381 226
1152 1400 117
1155 1360 280
1156 1341 169
1156 1406 299
1156 1420 166
1158 1328 254
1158 1383 232
1163 1365 230
1164 1416 188
1167 1385 243
1172 1364 118
1175 1358 246
1175 1398 160
1177 1342 198
1178 1399 188
1182 1432 190
1184 1345 265
1185 1370 102
1186 1426 136
1187 1343 271
1187 1356 300
1189 1381 211
1189 1409 127
1190 1385 101
1190 1435 135
1191 1348 293
1191 1363 176
1192 1406 163
1194 1340 140
1194 1367 254
1195 1340 271
1195 1426 108
1196 1406 270
1198 1393 278
1199 1413 129
1206 1361 168
1207 1364 200
1208 1407 160
1209 1366 110
1211 1366 248
1211 1386 219
1212 1387 155
1212 1398 104
1214 1411 220
1215 1363 295
1215 1404 286
1217 1340 260
1217 1411 171
1218 1361 275
1219 1429 276
1224 1416 112
1225 1393 197
1226 1359 175
1227 1367 111
1228 1367 187
1228 1411 207
1230 1350 153
1231 1397 126
1233 1394 241
1236 1391 232
1237 1427 111
1240 1420 176
1241 1358 135
1242 1393 170
1243 1401 284
1247 1424 169
1248 1368 234
1249 1374 135
1249 1389 121
1251 1384 206
1252 1342 131
1253 1364 155
1256 1376 291
1258 1402 207
1258 1421 150
1258 1433 268
1259 1343 239
1261 1368 221
1262 1341 156
1262 1342 198
1263 1364 242
1264 1362 177
1264 1380 300
1264 1409 201
1266 1360 157
1266 1407 158
1269 1389 249
1273 1375 208
1276 1358 134
1277 1387 164
1279 1402 252
1283 1417 156
1284 1344 108
1284 1399 194
1285 1396 147
1285 1430 284
1286 1418 165
1286 1419 134
1286 1429 155
1287 1375 141
1288 1383 283
1289 1421 255
1290 1385 203
1292 1377 123
1293 1391 208
1293 1423 124
1295 1377 207
1297 1368 193
1297 1387 297
1298 1369 266
1301 1379 210
1305 1392 299
1305 1395 286
1306 1376 116
1308 1365 144
1308 1398 100
1308 1406 161
1309 1407 298
1313 1343 220
1314 1341 194
1315 1356 293
1316 1375 119
1317 1404 243
1317 1422 106
1321 1354 257
1323 1362 237
1324 1408 224
1325 1387 109
1330 1398 221
1337 1359 216
1337 1364 290
1338 1397 256
