1000
73083
81614
48787
6278
82710
38705
71198
67390
80389
84309
19718
48412
13820
39195
69723
80829
19949
35648
72138
1600
60143
27397
83002
36234
72026
99524
25350
21088
43296
53087
51105
54579
19681
49991
56301
38126
86553
61242
85376
79297
3233
50100
20615
21159
91422
89201
75858
18063
13059
94307
80515
47683
17248
52126
83133
13511
87163
92833
54408
48531
93929
42469
77997
58835
93646
99865
54547
62783
15350
60974
37137
15614
55079
75900
54059
32924
59382
5148
91927
63399
8673
95932
58324
3986
81905
28273
95547
63279
80568
10834
25307
49392
32851
47924
45085
43513
27935
99708
23803
78322
65697
37203
70824
21391
16683
81373
78731
71607
98127
79907
68716
75558
73268
81535
66669
81149
62411
44936
68379
5675
39537
80600
41335
21467
60806
86312
61889
13237
74146
50337
42409
74324
31576
62761
33693
29551
31956
38760
79727
64002
65292
7877
66174
70500
55603
10190
2423
45417
24111
62263
47438
21753
14402
47027
68714
49251
49812
96378
60491
98919
54433
54406
28601
20978
69090
56323
8433
73
47418
58699
18422
2174
66695
26326
52675
81691
22102
7151
83127
43162
82634
99368
25737
80138
39483
32842
13640
38399
4325
67153
75091
27321
76274
74098
20075
44465
74573
90440
27468
68199
13818
15660
65416
64711
65341
85727
95733
42240
7328
38306
30880
23533
67871
15328
8603
12355
38782
46265
8566
75504
15651
62667
73958
62356
23909
19456
78496
81519
59152
10154
22856
40366
94946
55615
31458
14567
14745
63452
32480
5347
58653
39342
45974
96282
48688
33159
99375
78236
32919
49714
84406
86624
8880
84416
37025
90596
8067
57825
79233
95200
73763
27578
31285
23604
7489
6999
12728
6182
78617
44669
60502
45638
96704
54406
70965
80173
129
9850
92863
58419
42660
53747
27869
71827
52418
91155
45059
58043
26485
43175
9460
25743
79663
20610
98469
67638
75339
98314
91502
3964
79239
4314
55376
75344
52555
22458
23115
11939
47979
26243
35727
79472
44741
44526
1984
44439
19761
87316
8310
97155
33983
26105
61759
3386
75748
60007
5060
1524
14994
34172
30648
64242
8753
30141
93348
25942
52376
40395
46783
50149
12456
41247
54717
55789
17717
26220
10963
9946
98569
34730
35903
43160
46837
36397
22584
46358
28057
50718
92963
86289
2527
65453
7078
16382
29523
41352
84109
77863
89009
87268
65076
4876
29629
3069
78100
54204
59468
20735
16495
51709
92394
46856
41014
38577
90875
21806
78379
27461
91825
49582
37486
10630
18827
92752
67511
48954
50815
16229
94342
99391
74902
88391
30618
12228
21636
3218
76168
92669
99421
66118
59043
1842
2013
88838
1567
17617
65158
63131
1670
9953
30289
16384
16030
12160
63882
23676
99462
95433
25277
96370
49166
92233
52429
63352
7712
80328
64675
15258
56119
41250
40536
81902
33692
36043
87624
88587
857
27150
39879
82678
4146
75394
75337
16030
22448
42779
728
43301
67641
98952
28394
53783
18482
61190
6303
62363
96139
52159
13325
54370
85280
83379
78473
62647
20460
46849
38083
73400
24963
14780
38570
75812
5264
91400
28898
19997
61816
12046
10128
89852
96310
32203
52429
87324
74297
59009
78990
86656
40367
76261
75065
84231
96396
13377
61466
92320
42135
85961
92206
40916
34835
72595
48773
27036
58050
9323
93989
14194
58737
88826
30033
45574
60881
77307
26213
82450
31658
45092
39888
51082
54106
7079
74852
66518
10641
69306
63974
7527
95050
72091
40633
70612
91076
31829
76350
60259
16419
43432
10384
55274
11712
61135
55527
60729
81607
47074
27208
31069
76654
59572
64188
89396
58418
5328
14347
63260
33095
48418
42366
83692
28935
59705
31834
14358
29809
61322
95143
1237
3838
57655
51300
75914
98004
56724
10159
95039
5987
89940
64556
51517
96746
49945
41095
33289
75724
59285
40879
4590
51794
87294
20437
77857
2356
28112
36333
70759
96980
62208
44196
67155
49375
38665
36345
67131
87835
31690
19095
61614
46954
46404
63320
86332
81084
21686
90038
1150
33847
64382
78915
65631
98994
73503
90549
53030
68822
62167
63085
76394
30463
62987
56371
38214
65261
27575
50096
95697
13371
24381
35436
53353
3348
94208
65
44288
79846
10471
33178
10782
21690
8776
15704
16487
36643
56677
15372
56401
42183
25114
76187
33796
51381
61362
76690
98136
28256
64603
73358
72801
57460
17729
74424
20214
51230
9077
1945
86026
26464
71811
85506
75097
98382
77811
11602
94237
80836
19609
27172
72761
19969
14302
66671
47218
92872
37635
93945
18652
19267
81398
45060
58673
51361
190
91516
44925
15827
17860
8529
6923
78838
96898
16993
47099
53390
6417
56758
27651
95726
73041
68672
39208
51669
88491
39731
98708
36218
94640
62072
30807
11929
50733
77140
99203
29957
98331
43427
86437
84604
46218
75817
24242
90942
30439
36411
11135
70734
70182
29620
84530
39828
18663
83982
81674
60796
2288
47820
87940
87149
28384
78300
2418
65153
48262
45787
96805
3159
38108
27514
61033
65803
61941
5460
40934
83366
30109
41653
57031
62837
53410
91045
28209
3227
96040
34445
46213
85744
84239
47185
59588
56471
89970
19751
34189
65512
64564
50394
94087
13360
11098
68439
7749
27848
55798
47503
52985
9747
77491
26062
30142
48703
26427
70416
67900
52582
90681
95326
62470
76201
12135
2218
83307
83926
91982
11649
28446
58736
10206
12169
52680
5756
65211
70461
92320
24874
6925
2677
57729
39807
95250
16300
21682
99523
57588
53482
73394
71202
24390
49248
74920
26914
56487
38797
132
77015
57646
60222
47075
35547
70394
64073
73036
8691
34771
50473
2117
55818
12344
32228
28230
71267
83747
81262
34016
85171
56579
50381
61908
13427
86914
2696
66316
68779
18225
30514
9453
1629
73552
94378
42008
29953
76999
97831
12639
69042
21346
36783
61814
28094
56004
52396
3170
31252
84193
84783
90556
29896
9551
35
31980
38441
99884
73583
51423
50732
36864
22236
64938
16032
54248
7273
50802
12775
67706
19721
96349
72016
30794
5578
98773
96970
80169
67143
10698
85838
87917
51850
8671
2745
85497
77538
90546
79864
60145
66235
13837
29016
73265
45557
90784
17321
58519
33926
59955
71597
50901
99620
99887
83263
13
34341
66715
56043
88484
94855
21140
94699
5501
61444
6791
94499
48885
74708
27927
30447
67899
34140
8030
26992
56310
7566
28923
29132
34942
71456
22945
18799
7124
41832
25273
29462
29925
